4096 1.53226867735
8192 2.41443506808
12288 3.37528641571
16384 4.33958066456
20480 5.48265965776
24576 6.1390248515
28672 7.42822368783
32768 8.3526975298
36864 10.4687143389
40960 12.4040363306
45056 14.0532570342
49152 17.2911597758
53248 21.1608309572
57344 24.6996445698
61440 28.9320016385
65536 34.6294536181
69632 44.0230736485
73728 54.3645337325
77824 68.0540555612
81920 82.6304096895
86016 93.8528185108
90112 98.2825515672
94208 124.059122331
98304 141.622287612
102400 144.375983214
106496 172.914390186
110592 177.953481534
114688 215.391240526
118784 252.031438731
122880 273.418655684
126976 237.200759857
131072 97.916052899
135168 289.799746967
139264 338.659427451
143360 348.038342043
147456 401.141511688
151552 431.21943128
155648 336.059183926
159744 556.53223913
163840 479.661665455
167936 554.572663793
172032 535.154055437
176128 415.61398768
180224 651.030837607
184320 548.729416867
188416 803.931750993
192512 578.950514286
196608 773.772497512
200704 570.597676712
204800 729.359046575
208896 682.076406349
212992 635.653645485
217088 602.577222222
221184 706.83962215
225280 716.161655678
229376 826.737648
233472 810.820687225
237568 691.176787149
241664 684.524239316
245760 866.431442308
249856 1376.77032653
253952 746.245156627
258048 1091.768
262144 1139.30500763
266240 1666.8429375
270336 840.482395349
274432 802.592526829
278528 1167.96091765
282624 1149.88143646
286720 1107.35538272
290816 906.96802649
294912 1455.38447682
299008 1298.20018065
303104 1118.09762667
307200 969.733471264
311296 1390.5676206
315392 1683.88406452
319488 714.707398844
323584 1644.656625
327680 1531.21645333
331776 1339.087008
335872 1302.50508197
339968 1156.60827723
344064 1811.75961905
348160 1699.48873786
352256 2283.6338087
356352 1891.43818487
360448 1796.59762637
364544 1858.00925843
368640 975.233679012
372736 1316.11946667
376832 1506.26678431
380928 2009.90485185
385024 2384.80632381
389120 2223.753
393216 1897.89311111
397312 2103.10768889
401408 1805.10855914
405504 1548.35797802
409600 2117.09923529
413696 1765.05411765
417792 2764.94425
421888 1876.048
425984 2002.53748387
430080 2166.8014375
434176 2360.57099065
438272 2419.55043836
442368 2576.89930709
446464 2166.53688889
450560 1459.06641379
454656 2670.26296104
458752 1791.4595493
462848 1703.81384127
466944 1861.83211765
471040 3430.436
475136 2236.10776471
479232 857.630608696
483328 3930.502
487424 3306.29018182
491520 5528.19458824
495616 1722.5808
499712 676.632965517
503808 6177.75466667
507904 2278.03466667
512000 2648.7376
516096 3008.55658537
520192 1618.83640816
524288 3255.998
528384 4993.21828571
532480 4860.85357143
536576 3511.51741667
540672 2094.37390164
544768 2306.41385714
548864 1649.55795745
552960 844.920680851
557056 3591.00461765
561152 2237.36379798
565248 2294.98774684
569344 3715.14328571
573440 2177.13504348
577536 4405.64621277
581632 6659.21847619
585728 2513.3052
589824 1583.43005714
593920 3056.27488372
598016 1360.94526316
602112 5390.84544681
606208 4520.87922222
610304 5046.52183333
614400 4818.30183784
618496 2765.67756098
622592 4118.6015
626688 1414.8969697
630784 1723.5466
634880 3886.8069
638976 9121.72025
643072 2805.71227586
647168 4417.75962791
651264 2686.5243871
655360 1746.53133333
659456 5276.89153846
663552 3945.48625
667648 4043.8257561
671744 4389.01352941
675840 3261.683375
679936 4318.70473077
684032 1418.89842254
688128 5803.2504
692224 5701.79707143
696320 2547.60967442
700416 4661.50213333
704512 3864.31051852
708608 2193.52990476
712704 6087.41170732
716800 991.57984
720896 4219.6912
724992 1584.152
729088 2844.48914286
733184 8811.59616
737280 3365.07268966
741376 1208.387
745472 2800.15483871
749568 3845.94192593
753664 3927.56163636
757760 9785.23755556
761856 7961.26614634
765952 2867.02384
770048 6039.30330435
774144 4706.65494118
778240 6322.12590476
782336 3476.09006452
786432 2385.035
790528 1454.70571429
794624 6606.41819355
798720 4375.33314286
802816 4678.38162376
806912 6037.90888889
811008 6615.43437037
815104 3861.51939623
819200 2186.5048
823296 7070.97345455
827392 6577.267
831488 2634.82993103
835584 9335.48466667
839680 7100.41587879
843776 2119.01655172
847872 13501.4286
851968 1209.08651852
856064 5647.61269565
860160 3896.37333333
864256 3386.752
868352 2134.87304348
872448 1779.00181818
876544 3672.5056
880640 7099.68
884736 6490.72906667
888832 1413.44650505
892928 1670.41178947
897024 4058.81966667
901120 2172.67008696
905216 10950.9969091
909312 1903.34884211
913408 6800.57007407
917504 3151.864
921600 5648.53670588
925696 3542.48683721
929792 4443.99916981
933888 4100.33434783
937984 1264.70787097
942080 4741.98586667
946176 9336.87836364
950272 6518.312
954368 964.049142857
958464 5194.41146667
962560 1924.46252632
966656 6644.24441379
970752 4523.18511111
974848 1797.73509091
978944 1756.45180952
983040 3586.94541176
987136 1910.4557037
991232 4945.64211765
995328 11513.26
999424 8423.10866667
1003520 1641.24666667
1007616 8199.91561905
1011712 10222.1162105
1015808 2784.5902963
1019904 3236.51768421
1024000 6484.43152941
1028096 1507.234
1032192 1905.8516129
1036288 4887.97496296
1040384 3823.82484211
1044480 9392.37326316
1048576 6244.28551579
1052672 6003.83924324
1056768 8423.43371429
1060864 2247.46414815
1064960 2769.45233333
1069056 4023.39247059
1073152 3789.09818182
1077248 2048.84291667
1081344 7457.37152941
1085440 3078.43218182
1089536 2570.08672727
1093632 7569.03947826
1097728 1434.46968421
1101824 7576.62383333
1105920 1703.75861538
1110016 6463.3795
1114112 4068.4518
1118208 7382.228
1122304 17982.3215385
1126400 11810.716
1130496 6735.56315789
1134592 26415.2916
1138688 16957.5145
1142784 896.204909091
1146880 9046.09727273
1150976 5112.68658824
1155072 2395.08885714
1159168 2992.98711111
1163264 9615.58030769
1167360 3880.83525
1171456 4086.85366154
1175552 5934.11678049
1179648 1544.59648
1183744 3487.42288889
1187840 2758.65810526
1191936 2058.72266667
1196032 5090.14363636
1200128 2025.0235
1204224 1079.58114286
1208320 6272.916
1212416 1771.62092308
1216512 2753.47788235
1220608 10371.6275
1224704 5875.24152381
1228800 5819.308
1232896 3054.04453333
1236992 1638.54453333
1241088 3014.57345455
1245184 7004.66142857
1249280 3974.53938462
1253376 2482.05723077
1257472 7594.596
1261568 1406.97066667
1265664 3307.556
1269760 1547.46885106
1273856 2658.0888
1277952 2797.35333333
1282048 23915.952
1286144 3207.87975
1290240 11591.3483077
1294336 7534.05066667
1298432 8804.2352
1302528 6474.73745455
1306624 7103.7
1310720 2615.95490909
1314816 22300.6232727
1318912 9204.48423529
1323008 2088.92311111
1327104 15482.5651429
1331200 7491.46028571
1335296 12236.06225
1339392 4585.53355556
1343488 6166.62953846
1347584 2926.708
1351680 3544.44609524
1355776 27976.9448
1359872 6404.92981818
1363968 16500.4995
1368064 1715.58
1372160 2948.93025
1376256 6894.3488
1380352 4150.79927273
1384448 5558.4288
1388544 3812.7116
1392640 12642.8825455
1396736 3223.15138462
1400832 7631.785
1404928 17858.3632
1409024 2133.68085714
1413120 7932.29822222
1417216 7770.31947826
1421312 2235.86976
1425408 2608.3492
1429504 6718.612
1433600 3855.6144
1437696 7283.68088889
1441792 4079.56977778
1445888 6976.29578947
1449984 4761.49866667
1454080 3368.74266667
1458176 5814.4168
1462272 11060.919
1466368 2795.20355556
1470464 2559.52123077
1474560 1974.59111111
1478656 2762.50727273
1482752 16037.4994286
1486848 2482.58311111
1490944 2071.971
1495040 2350.8985
1499136 1630.7
1503232 2212.80857143
1507328 12435.6101818
1511424 1717.6665
1515520 4618.60311111
1519616 21921.1876364
1523712 7024.48477419
1527808 6288.7344
1531904 10908.1593333
1536000 8405.6384
1540096 2860.46626087
1544192 6086.5854
1548288 9727.46342857
1552384 7737.07018182
1556480 10429.0984762
1560576 32823.4965714
1564672 11576.0625455
1568768 3008.5144
1572864 1425.36971429
1576960 1512.887
1581056 11785.2592727
1585152 10656.8222857
1589248 5650.1064
1593344 5040.592
1597440 2595.07672727
1601536 2575.234
1605632 19427.5257143
1609728 1837.54685714
1613824 3542.759
1617920 3091.106
1622016 21324.722
1626112 3934.12622222
1630208 2445.834
1634304 3811.93854545
1638400 10686.3225455
1642496 3364.16114286
1646592 12728.572
1650688 9003.66036364
1654784 9041.41644444
1658880 2893.60763636
1662976 2296.64577778
1667072 6199.51052632
1671168 7434.53485714
1675264 3482.83633333
1679360 4420.95155556
1683456 14610.9738824
1687552 852.0416
1691648 5040.36581818
1695744 7870.48977778
1699840 6088.825
1703936 22935.584
1708032 2832.1632
1712128 4940.77018182
1716224 19650.9453333
1720320 3788.98676923
1724416 11617.8968889
1728512 2583.78888889
1732608 4549.79111111
1736704 41162.3142222
1740800 2406.66355556
1744896 22392.664
1748992 3239.9635
1753088 5837.55085714
1757184 8036.97714286
1761280 3416.45933333
1765376 2557.84666667
1769472 5505.396
1773568 3128.091
1777664 4266.21725
1781760 8790.59563636
1785856 5918.07921127
1789952 16031.7382222
1794048 3980.10618182
1798144 4877.75533333
1802240 4487.10676923
1806336 5206.57946667
1810432 4951.05090909
1814528 7909.31728571
1818624 11892.0175238
1822720 3093.8875
1826816 24435.5832
1830912 3279.1588
1835008 2556.583
1839104 7424.596
1843200 15695.1441441
1847296 4516.31175
1851392 5180.14933333
1855488 15510.6
1859584 18201.099
1863680 2484.7345
1867776 4843.64545455
1871872 7200.5512
1875968 23624.5266891
1880064 6476.292
1884160 15876.3652
1888256 6679.228
1892352 3175.017
1896448 8698.23511111
1900544 5447.90433333
1904640 6975.71185714
1908736 9279.39322523
1912832 8624.81146667
1916928 9600.50853333
1921024 8762.98635294
1925120 27090.9098182
1929216 16530.8746667
1933312 16322.7148
1937408 15712.8553587
1941504 16862.4806207
1945600 11934.4694286
1949696 4749.24857143
1953792 20754.551
1957888 9346.002
1961984 12121.8196
1966080 12734.5696
1970176 15462.1637484
1974272 8115.53940426
1978368 16973.686
1982464 7261.096
1986560 5365.558
1990656 8239.04666667
1994752 29075.1745
1998848 7834.4755
2002944 18270.7413846
2007040 10945.596
2011136 6801.12254545
2015232 7339.0128
2019328 10854.2784
2023424 8668.77230769
2027520 7427.714
2031616 8283.25512516