4096 1.75715317373
8192 3.28967105856
12288 4.75930774158
16384 7.44577900037
20480 7.57789923544
24576 9.14269234847
28672 11.0028888425
32768 17.7407690947
36864 13.5788289778
40960 16.1735317378
45056 17.9488296079
49152 22.3120823227
53248 26.8167107499
57344 31.1655664049
61440 37.2531426844
65536 44.8169918662
69632 56.885343529
73728 62.9429260955
77824 72.7883924843
81920 83.5821770544
86016 84.3386674234
90112 95.4154450682
94208 101.078529111
98304 110.710216625
102400 107.932053872
106496 114.616712121
110592 128.996497608
114688 136.85278961
118784 151.460070381
122880 166.153980328
126976 138.750229508
131072 145.694871445
135168 206.976912281
139264 258.915929825
143360 301.331727273
147456 257.637347368
151552 242.942271605
155648 321.05321519
159744 248.47
163840 388.480732394
167936 239.81973913
172032 288.342307692
176128 260.278042553
180224 346.036258065
184320 361.570926829
188416 401.6733
192512 331.933025641
196608 469.164914286
200704 268.650588235
204800 294.698918919
208896 381.370533333
212992 456.246533333
217088 607.643851852
221184 340.056
225280 501.037818182
229376 719.74336
233472 377.464521739
237568 660.682315789
241664 422.5756
245760 809.699130435
249856 500.2056
253952 509.218
258048 708.896888889
262144 722.767111111
266240 495.624421053
270336 923.886666667
274432 448.324307692
278528 690.040615385
282624 737.044923077
286720 502.885333333
290816 757.147809524
294912 686.684266667
299008 443.71725
303104 1422.14892308
307200 757.286352941
311296 476.162947368
315392 353.0736
319488 897.303636364
323584 870.64
327680 921.949090909
331776 769.528
335872 1283.784
339968 734.533473684
344064 1258.608
348160 526.2856
352256 753.9864
356352 717.337666667
360448 965.392
364544 1619.29666667
368640 473.005
372736 885.027
376832 1198.76566667
380928 427.131333333
385024 747.422
389120 875.3675
393216 594.554666667
397312 1353.932
401408 2272.3544
405504 765.3032
409600 1038.574
413696 946.8036
417792 991.7168
421888 1200.78494118
425984 2162.869
430080 1295.79244444
434176 1633.9555
438272 969.367333333
442368 2083.86171429
446464 2047.41127273
450560 459.482
454656 1637.0175
458752 711.082666667
462848 496.312
466944 1861.2815
471040 1110.32628571
475136 512.479
479232 1946.684
483328 1480.63822222
487424 1533.52114286
491520 801.786
495616 1196.33
499712 1979.39466667
503808 1292.278
507904 2643.504
512000 850.182666667
516096 851.1352
520192 1017.62133333
524288 1420.9608
528384 263.616
532480 2253.108
536576 878.218
540672 1008.7384
544768 1443.763
548864 1775.042
552960 3214.01333333
557056 461.054
561152 624.3384
565248 1301.60057143
569344 1109.609
573440 1989.0
577536 1523.756
581632 1003.15771429
585728 1267.502
589824 576.336
593920 939.032
602112 877.968
606208 1081.24533333
610304 1738.68266667
614400 2237.77866667
618496 619.54
622592 3241.34266667
630784 989.02
634880 2851.34
638976 6238.58
643072 1587.01333333
647168 1854.05733333
651264 2361.656
659456 3817.024
663552 398.232
667648 1299.45333333
671744 1963.932
679936 2284.29333333
684032 5988.564
688128 658.784
692224 2620.812
700416 4275.34533333
704512 1164.84666667
708608 1995.0
712704 1816.426
716800 792.104
720896 1940.85866667
724992 1195.538
729088 1020.988
733184 840.734
737280 1543.692
741376 3735.292
745472 5035.034
753664 812.332
757760 4359.444
761856 2195.822
774144 1221.872
778240 4144.082
790528 441.852
806912 4332.112
811008 2319.896
815104 2818.6768
823296 891.008
831488 1886.88
835584 1458.444
839680 1005.298
843776 645.152
851968 1958.786
860160 564.304
864256 1367.926
868352 1693.3712
876544 3914.8
880640 5529.264
888832 3525.13266667
897024 12894.456
901120 1789.208
913408 4156.864
917504 1563.624
925696 2041.46
929792 7464.036
933888 2005.156
937984 1225.712
942080 2135.78
946176 909.852
954368 715.104
958464 1102.492
970752 3351.26666667
978944 1206.032
983040 614.82
991232 1434.536
1003520 2597.968
1011712 3227.64
1015808 2032.696
1019904 1663.815
1024000 3538.468
1028096 2315.358
1040384 1047.792
1044480 1275.31
1052672 1733.724
1056768 4365.492
1064960 3054.692
1077248 5875.544
1085440 1750.172
1089536 1840.536
1093632 5038.704
1105920 5293.56
1110016 2966.512
1122304 1576.924
1126400 11520.748
1138688 3153.944
1167360 7585.024
1175552 1333.556
1200128 1397.044
1208320 2248.40133333
1224704 952.204
1232896 5752.312
1253376 2685.672
1261568 492.512
1273856 10332.95
1277952 6498.81
1294336 6564.364
1302528 1064.528
1306624 9438.808
1335296 2082.732
1384448 1747.404
1409024 861.164
1458176 4748.696
1466368 3652.536
1474560 2870.44
1507328 1590.268
1540096 14429.93
1560576 765.444
1564672 1147.344
1576960 2805.292
1617920 1753.888
1622016 2594.332
1679360 5985.158
1716224 1416.88
1724416 8998.356
1777664 1106.124
1843200 1492.04933333
1855488 4629.122
1871872 4572.548
1884160 8312.152
1929216 25282.896
1937408 2272.014
1970176 7386.608
1982464 9144.944
2027520 6837.2
2031616 8311.62235294