4096 1.39027576743
8192 2.3537457302
12288 3.31559242981
16384 4.28316929499
20480 5.33197434402
24576 5.88163372859
28672 6.98487654023
32768 7.99559147686
36864 9.21554725788
40960 10.3903755708
45056 11.1304372267
49152 12.2954348925
53248 13.7743510873
57344 15.0097824736
61440 15.9735957066
65536 16.2991156611
69632 17.8370669632
73728 19.1844843007
77824 20.4419449339
81920 21.993374121
86016 23.3794325425
90112 24.1518722826
94208 26.3413748702
98304 28.7877696461
102400 29.8812169884
106496 30.7380187553
110592 32.2783578485
114688 34.2956923077
118784 35.0582253521
122880 38.3062545455
126976 36.9109829352
131072 39.0844946921
135168 37.4230246305
139264 41.0155369775
143360 43.2773992933
147456 42.5943045267
151552 41.2663937008
155648 46.7241105991
159744 46.2367096774
163840 54.9692287582
167936 48.1408372093
172032 54.1303287671
176128 53.7873112583
180224 58.5462900763
184320 64.71478125
188416 56.7569268293
192512 56.9405842697
196608 60.1526774194
200704 63.8422941176
204800 64.0624848485
208896 61.1072413793
212992 62.9555223881
217088 73.0282909091
221184 68.4829818182
225280 72.3376326531
229376 79.6504
233472 69.6001860465
237568 81.7602222222
241664 70.1717837838
245760 70.5490212766
249856 78.4058064516
253952 72.9586666667
258048 80.6517209302
262144 79.8013333333
266240 75.0918064516
270336 90.4678596491
274432 86.940137931
278528 86.836195122
282624 87.5920740741
286720 88.5470943396
290816 91.128
294912 84.6128275862
299008 105.350588235
303104 82.6941463415
307200 94.5081777778
311296 96.1804761905
315392 103.612088889
319488 102.122315789
323584 100.025538462
327680 106.02995122
331776 94.5986666667
335872 95.0073142857
339968 100.531636364
344064 93.1447692308
348160 103.337894737
352256 136.035310345
356352 104.8414
360448 105.735294118
364544 120.225454545
368640 122.273142857
372736 114.584296296
376832 116.373714286
380928 120.103166667
385024 111.726571429
389120 108.825066667
393216 147.242666667
397312 159.744666667
401408 120.273833333
405504 135.9288
409600 139.4368
413696 109.186363636
417792 114.673684211
421888 135.360285714
425984 177.273777778
430080 114.716
434176 143.92047619
438272 142.419090909
442368 145.188666667
446464 122.377473684
450560 132.091142857
454656 153.2005
458752 162.2812
462848 120.250909091
466944 153.813
471040 124.133333333
475136 137.162153846
479232 144.0204
483328 130.903733333
487424 222.6964
491520 119.855428571
495616 136.365714286
499712 139.967111111
503808 142.0928
507904 157.865473684
512000 148.037818182
516096 145.550545455
520192 163.445846154
524288 157.660842105
528384 150.001333333
532480 166.237428571
536576 167.952923077
540672 139.650666667
544768 151.024
548864 130.373777778
552960 171.359666667
557056 154.989837838
561152 172.267294118
565248 155.010571429
569344 235.404
573440 151.975428571
577536 204.57376
581632 184.125818182
585728 178.85
589824 151.787384615
593920 163.214666667
598016 159.179764706
602112 159.947111111
606208 219.876
610304 132.4505
614400 249.657142857
618496 147.662285714
622592 159.743555556
626688 159.560571429
630784 191.551333333
634880 161.502153846
638976 162.165
643072 218.344
647168 195.138352941
651264 161.001
655360 195.29925
659456 191.958153846
663552 225.176222222
667648 193.796
671744 168.99
675840 208.952
679936 213.642
684032 224.450888889
688128 206.707294118
692224 201.632173913
696320 203.304
700416 203.0625
704512 264.102
708608 236.802888889
712704 237.797894737
716800 215.5136
720896 183.728727273
724992 321.0264
729088 201.2028
733184 232.164
737280 235.762857143
741376 240.344
745472 203.824
749568 264.900923077
753664 272.824
757760 216.773
761856 227.758
765952 238.063076923
770048 282.94
774144 211.213333333
778240 194.754222222
782336 239.9925
786432 209.221
790528 232.664
794624 230.349333333
798720 187.376
802816 257.562153846
806912 263.526947368
811008 261.317882353
815104 231.946
819200 225.617333333
823296 233.6468
827392 236.530769231
831488 288.785
835584 281.495111111
839680 356.477142857
843776 246.6488
847872 290.333714286
851968 324.934
856064 271.877142857
860160 275.942285714
864256 277.4875
868352 319.709333333
872448 268.292363636
876544 268.808
880640 239.845333333
884736 298.850909091
888832 273.6536
892928 316.907
897024 350.275428571
901120 316.393714286
905216 235.097090909
909312 250.957333333
913408 259.7
917504 291.7312
921600 289.4408
925696 262.697833333
929792 307.75216
933888 293.088235294
937984 337.542333333
942080 319.528
946176 309.9168
950272 268.749428571
954368 328.217866667
958464 313.352
962560 234.122909091
966656 302.082285714
970752 296.634285714
974848 302.523636364
978944 289.918666667
983040 256.9975
987136 337.829333333
991232 326.558
995328 258.528615385
999424 345.354947368
1003520 353.293777778
1007616 287.666769231
1011712 375.073333333
1015808 389.7825
1019904 383.0672
1024000 306.6
1028096 309.109090909
1032192 288.804
1036288 326.895428571
1040384 314.739428571
1044480 319.464307692
1048576 336.596173913
1052672 320.451692308
1056768 293.672307692
1060864 369.734153846
1064960 359.554222222
1069056 306.3368
1073152 402.421142857
1077248 348.673176471
1081344 373.05
1085440 333.526
1089536 400.931333333
1093632 340.772727273
1097728 419.398
1101824 339.627
1105920 496.4648
1110016 458.571428571
1114112 349.673142857
1118208 367.0205
1122304 369.688
1126400 368.344
1130496 352.2392
1134592 318.384
1138688 304.2125
1142784 399.208
1146880 317.689333333
1150976 383.846181818
1155072 320.828
1159168 390.250666667
1163264 341.844
1167360 301.571
1171456 373.190875
1175552 428.9568
1179648 355.694
1183744 407.0144
1187840 364.4776
1191936 382.754
1196032 337.192
1200128 346.9315
1204224 353.4544
1208320 383.82
1212416 317.526
1216512 354.805777778
1220608 420.931333333
1224704 419.856
1228800 407.7692
1232896 347.5272
1236992 448.856
1241088 388.082285714
1245184 443.312615385
1249280 459.919428571
1253376 448.58
1257472 416.171
1261568 375.2195
1265664 400.304
1269760 324.202666667
1273856 286.099
1277952 367.12
1282048 366.4192
1286144 570.032
1290240 485.140444444
1294336 391.041142857
1298432 421.040666667
1302528 409.613333333
1306624 468.680533333
1310720 454.110333333
1314816 397.9325
1318912 473.761142857
1323008 369.9072
1327104 468.2744
1331200 518.958666667
1335296 395.9864
1339392 328.547
1343488 388.741714286
1347584 428.145333333
1351680 609.769
1355776 358.7528
1359872 366.129333333
1363968 427.004444444
1368064 410.9888
1372160 867.356
1376256 327.648
1380352 449.452
1384448 502.48
1388544 474.890285714
1392640 494.379
1396736 380.519
1400832 350.958
1404928 405.276
1409024 391.436
1413120 491.770857143
1417216 458.781454545
1421312 384.987111111
1425408 433.878666667
1429504 405.334666667
1433600 445.333
1437696 530.7244
1441792 506.676571429
1445888 427.936571429
1449984 377.605714286
1454080 463.865142857
1458176 415.844
1462272 564.1205
1466368 435.266
1470464 409.8
1474560 407.843
1478656 550.164
1482752 456.061333333
1486848 411.691111111
1490944 456.956
1495040 436.598
1499136 550.825333333
1503232 461.544571429
1507328 559.258
1511424 458.584
1515520 456.495428571
1519616 519.074285714
1523712 441.458222222
1527808 620.314
1531904 443.710666667
1536000 565.213714286
1540096 461.485777778
1544192 635.089
1548288 510.6768
1552384 462.732
1556480 511.280444444
1560576 540.4104
1564672 449.0296
1568768 451.437714286
1572864 644.816
1576960 465.214666667
1581056 398.3048
1589248 407.249333333
1593344 504.726666667
1597440 479.414666667
1601536 453.1552
1605632 575.708
1609728 516.8712
1613824 504.6928
1617920 355.676
1622016 405.738
1626112 520.082
1630208 441.972
1634304 651.88
1638400 453.602666667
1642496 584.95
1646592 475.888
1650688 573.189333333
1654784 499.696666667
1658880 697.673333333
1662976 571.760210526
1667072 580.733142857
1671168 594.503428571
1675264 501.003428571
1679360 691.287
1683456 552.232571429
1687552 451.553333333
1691648 503.595666667
1695744 396.356
1699840 464.427333333
1703936 635.401714286
1708032 466.219
1712128 556.383
1716224 532.7675
1720320 715.303428571
1724416 500.426
1732608 547.6208
1736704 609.9192
1740800 455.94
1744896 448.842
1748992 531.606
1753088 588.817
1757184 601.476
1761280 579.696571429
1765376 648.693
1769472 474.293333333
1773568 656.8024
1777664 599.341142857
1781760 665.048
1785856 556.214727273
1789952 576.900666667
1794048 475.092
1798144 654.109
1802240 599.796666667
1806336 448.430666667
1810432 656.188
1814528 818.439384615
1818624 615.0925
1822720 623.19
1826816 687.457714286
1830912 869.142
1835008 683.612363636
1839104 686.962857143
1843200 571.074727273
1847296 746.868
1851392 812.84
1855488 673.508888889
1859584 603.022666667
1863680 503.822666667
1867776 579.867428571
1871872 578.3544
1880064 536.831
1884160 495.962666667
1888256 548.362666667
1892352 525.1416
1896448 675.608
1900544 720.992
1904640 655.845878788
1908736 757.341473684
1912832 588.497142857
1916928 560.602
1921024 562.858666667
1925120 545.976333333
1929216 730.7728
1933312 716.508363636
1937408 793.994808511
1941504 722.91225
1945600 812.349333333
1949696 693.792
1953792 718.020666667
1957888 726.357
1961984 844.794857143
1966080 771.2764
1970176 647.534608696
1974272 989.934571429
1978368 590.258333333
1982464 629.104
1986560 614.7636
1990656 1180.18666667
1994752 787.6056
1998848 661.057333333
2002944 792.10375
2007040 824.434857143
2011136 718.394461538
2015232 934.106933333
2019328 861.539333333
2023424 697.17047619
2027520 832.237142857
2031616 761.953104478