4096 1.57657645373
8192 2.77867904721
12288 3.95823837936
16384 5.49797208699
20480 6.39149789204
24576 7.13980336134
28672 8.73839197726
32768 11.4049220372
36864 12.1982837934
40960 14.746225341
45056 16.849568324
49152 20.751340447
53248 25.5588998217
57344 30.3541100067
61440 34.7009983125
65536 45.2741074541
69632 66.5940573074
73728 102.770494436
77824 137.537720266
81920 173.073413061
86016 202.676797265
90112 237.195436934
94208 265.93381619
98304 315.761524729
102400 347.338680956
106496 315.375338933
110592 433.464853436
114688 433.839347177
118784 492.100071197
122880 457.107773264
126976 361.996325301
131072 157.260599281
135168 775.372233443
139264 674.460072131
143360 780.3121955
147456 919.691526816
151552 905.789944565
155648 841.406483439
159744 689.136565563
163840 562.197454348
167936 604.963346364
172032 716.396419355
176128 1028.35544848
180224 1368.30469406
184320 833.6379
188416 724.933865079
192512 851.415648611
196608 1417.28599145
200704 855.485087368
204800 1251.68025918
208896 1098.41587468
212992 1115.46062469
217088 1061.23186667
221184 1036.97350909
225280 1566.12584687
229376 1299.07101493
233472 839.1223
237568 1192.46962143
241664 839.953838
245760 533.124887755
249856 1883.33916324
253952 1205.1921
258048 1371.1441322
262144 1206.64474627
266240 789.647662857
270336 781.859702222
274432 1782.16444103
278528 1071.36271224
282624 1373.40499091
286720 1225.36357857
290816 1654.40178387
294912 1442.13739286
299008 1694.023604
303104 1111.92003488
307200 1389.803848
311296 1413.91031429
315392 924.163348148
319488 1623.46670571
323584 1704.40482571
327680 974.169541026
331776 2013.23343077
335872 1733.39734
339968 1821.1297875
344064 1628.40608571
348160 1850.12412571
352256 1938.39486087
356352 1820.6738375
360448 1114.79160833
364544 2067.60144074
368640 1462.23424545
372736 702.098226923
376832 1859.74960952
380928 1735.53871389
385024 713.1065
389120 1746.87052353
393216 2359.78022222
397312 1263.96698
401408 2430.238688
405504 507.93674
409600 1105.69502917
413696 1212.630984
417792 2432.72128889
421888 2330.28961875
425984 3354.15275
430080 4102.06757368
434176 2191.18776667
438272 3281.13220357
442368 2225.42115667
446464 3550.138856
450560 3508.40098636
454656 1880.2898
458752 2105.99115909
462848 3399.00076
466944 1050.22084091
471040 2180.57475625
475136 1231.68024583
479232 833.565593333
483328 2675.86161875
487424 809.978866667
491520 5929.93607333
495616 2203.40693636
499712 3714.84517647
503808 2615.90198421
507904 1166.179868
512000 1604.05188182
516096 3779.65655333
520192 2695.31145
524288 1951.32146154
528384 1710.18952143
532480 1847.78632222
536576 606.74983
540672 953.106508333
544768 2189.22656
548864 686.22355
552960 3618.57747333
557056 2594.97780385
561152 1778.88635455
565248 1035.8672
569344 841.377784615
573440 2242.75392857
577536 3778.77764667
581632 4003.81805455
585728 3209.69845263
589824 910.5724
593920 3512.24687692
598016 1077.3781875
602112 1007.47305
606208 1477.21753333
610304 4629.3385
614400 1174.90168333
618496 865.9522
622592 1946.60914444
626688 723.4164
630784 1547.95908235
634880 1439.47522105
638976 3621.79501111
643072 2166.885
647168 2782.85814286
651264 2047.62784286
655360 2384.4169
659456 1100.71356667
663552 698.632671429
667648 3424.315825
671744 3679.58372
675840 1126.613025
679936 3530.2175
684032 2429.79002609
688128 1756.54540714
692224 1798.92714167
696320 1380.44039375
700416 1720.66862222
704512 5177.89865
708608 2212.240075
712704 1555.01762
716800 903.354666667
720896 8529.78003333
724992 1717.73845
729088 2885.9357625
733184 3486.163575
737280 3717.58892222
741376 3481.2578
745472 6125.64841667
749568 709.953955556
753664 9086.73868571
757760 2037.91282222
761856 3030.1903
765952 1686.9135
770048 1584.909575
774144 2566.26875
778240 2618.83265714
782336 3191.90526667
786432 1685.3386
790528 3037.55437778
794624 2410.09057692
798720 6522.774425
802816 4076.65564762
806912 1206.76393125
811008 3627.26634
815104 7988.647325
819200 2594.45668182
823296 830.6111
827392 2157.75914
831488 1809.83536
835584 1877.01254
839680 2504.63561667
843776 1800.83995
847872 5265.30501429
851968 3615.2719
856064 3887.01733
860160 1926.03308
864256 1848.670975
868352 1196.8451
872448 1946.79386667
876544 1035.32736667
880640 4414.73947778
884736 4277.58968889
888832 8102.52579286
892928 12737.227975
897024 1975.55023636
901120 2374.20724
905216 1906.9341625
909312 1223.06073333
913408 1280.28515
917504 2908.632575
921600 964.994254545
925696 4033.28666
929792 4351.38833333
933888 3005.01998182
937984 1481.99897143
942080 1581.15608
946176 13394.57445
950272 2334.192775
954368 2751.63836
958464 764.359425
962560 7647.37384286
966656 7643.28123333
970752 5519.5293875
974848 4288.28822857
978944 7745.8249125
983040 740.49145
987136 2689.8039
991232 2405.29988
995328 3246.39648333
999424 1281.57895
1003520 17537.6246
1007616 1568.7607
1011712 7827.07014
1015808 4453.5202
1019904 765.51775
1024000 3942.01383
1028096 3413.76341667
1032192 1037.92325714
1036288 1864.143675
1040384 4900.05568
1044480 2493.53858
1048576 3289.50848511
1052672 3984.83605
1056768 3011.32724
1060864 4297.14846
1064960 912.14962
1069056 1826.79311818
1073152 1834.20466667
1077248 4679.38927
1081344 2082.23259167
1085440 11423.5161
1089536 2700.33488571
1093632 1296.75168
1097728 4268.38685
1101824 1601.5912
1105920 2002.6109
1110016 1243.4434
1114112 1117.815725
1118208 3651.79674
1122304 6544.79415714
1126400 9253.545225
1130496 496.4601
1134592 2087.5478
1138688 12057.2928
1142784 6746.52725
1146880 2936.1118
1150976 4271.10755
1155072 3063.7232
1159168 3082.941475
1163264 7550.01815
1167360 6085.7871
1171456 4564.73324
1175552 4103.01804444
1179648 2907.652925
1183744 1942.012275
1187840 4112.0709
1191936 4976.02176667
1196032 2282.23606667
1200128 5411.6436
1204224 2118.05255
1208320 8189.53245
1212416 17201.00995
1216512 1827.66205
1220608 927.242366667
1224704 627.2322
1228800 3093.7043
1232896 2247.59205
1236992 1288.65876667
1241088 2895.13653333
1245184 768.5762
1249280 3645.76375
1253376 27397.5565
1257472 2486.08443333
1261568 4316.6252
1265664 12614.93435
1269760 4047.30781667
1273856 2319.8876
1277952 2614.651225
1286144 1804.63093333
1290240 10516.7973333
1294336 8073.35844286
1298432 3721.61786667
1302528 1648.45473333
1306624 11776.3388
1310720 742.7673
1314816 1831.627
1318912 855.8801
1323008 3015.27781429
1327104 722.4877
1331200 773.9668
1335296 7119.324075
1339392 3316.00906667
1343488 825.4151
1347584 2347.3266
1351680 1417.47646667
1355776 1697.5899
1359872 6822.9324
1363968 1386.13415
1368064 1375.7331
1372160 3135.75221667
1380352 6348.3475
1384448 1080.5517
1388544 1465.1981
1392640 1280.62493333
1396736 2537.9851
1404928 1037.1171
1413120 5494.43782
1417216 12386.88905
1421312 6124.57933333
1425408 4697.49044
1429504 5614.7836
1433600 7926.4553
1437696 1473.5272
1441792 3975.88026667
1445888 5370.93388571
1449984 2196.579675
1454080 31449.7344
1458176 3174.2114
1462272 6159.48613333
1466368 3512.68338
1470464 3530.4458
1474560 1675.89855
1478656 1434.6999
1486848 966.45465
1490944 6931.545725
1495040 1443.0311
1499136 1883.33205
1503232 11569.00068
1507328 1817.6808
1511424 842.1855
1519616 1854.5735
1523712 5810.06146667
1527808 9237.3716
1531904 6604.4448
1536000 3115.26286667
1540096 10113.9521308
1544192 2231.90055
1548288 2925.10525
1552384 637.9824
1556480 6554.87765556
1560576 1888.7196
1572864 1519.9424
1576960 2996.9977
1585152 19818.7461
1589248 1462.1929
1593344 6067.25195
1597440 7385.98676
1601536 3566.6439
1605632 1688.9042
1609728 2271.09946667
1622016 741.608
1626112 5171.1193
1634304 2950.5998
1638400 5671.03565
1642496 527.2376
1650688 5134.1925
1654784 1201.11045
1662976 4362.15767143
1667072 12408.78
1671168 4318.3822
1675264 1266.3455
1679360 8829.3469
1683456 5186.21098571
1687552 2818.5035
1691648 3657.2474
1695744 4358.59255
1703936 8616.8768
1708032 14665.7745
1712128 2331.1344
1716224 9542.63666
1720320 1005.8411
1724416 4029.9015
1736704 3184.99585
1740800 2315.3878
1744896 15540.7368
1748992 3266.0128
1753088 21552.29835
1757184 6170.65356667
1761280 3107.0565
1769472 1120.6307
1777664 5511.02282
1785856 7549.80042857
1789952 1080.4447
1794048 6302.473
1802240 1594.5034
1806336 11365.3533
1810432 13812.0234
1814528 2686.5375
1818624 2189.2078
1822720 2129.6554
1826816 8085.3754
1830912 1553.69435
1843200 10583.2762708
1847296 4164.39236
1851392 49471.3988
1859584 4723.5422
1863680 18082.2642
1867776 2408.3026
1871872 7616.011
1875968 10258.8088
1880064 1938.09795
1884160 8219.1195
1888256 2321.78663333
1892352 947.0565
1896448 3402.158775
1900544 3505.5448
1904640 21451.7007
1908736 9536.98938077
1912832 11602.17465
1916928 1076.8723
1921024 1329.5114
1925120 4189.8588
1929216 4430.4419
1937408 7109.22863
1941504 4774.38215
1945600 1581.99555
1949696 2708.582575
1953792 2069.369925
1957888 1628.4922
1961984 5053.5924
1966080 16344.20935
1970176 8398.04148636
1974272 12973.5933
1978368 25465.9865
1990656 5952.77225
1994752 1117.4154
2002944 12270.6966778
2007040 2287.6181
2011136 11895.1337
2015232 1765.66985
2019328 32351.76685
2023424 9422.494
2027520 20908.5066
2031616 8824.85784145