4096 3.16488196137
8192 4.55880117473
12288 5.96849052659
16384 8.18271927123
20480 9.01810520071
24576 10.5115155347
28672 12.0668865646
32768 16.0749821049
36864 14.3558504335
40960 16.7978076095
45056 18.7174889901
49152 22.4656176695
53248 27.0883376723
57344 31.9666060501
61440 37.6213763893
65536 45.116307268
69632 55.0921288992
73728 63.0597976763
77824 71.1667186495
81920 82.8203355733
86016 78.5381209921
90112 90.5517016949
94208 106.205732334
98304 99.610872777
102400 113.224973498
106496 124.514491743
110592 124.044725118
114688 134.763868421
118784 140.245362832
122880 179.612530466
126976 172.784906504
131072 129.542000971
135168 210.696587156
139264 305.61971
143360 417.234662921
147456 176.064322581
151552 246.786528736
155648 438.833716049
159744 371.858035088
163840 307.110442308
167936 315.956157895
172032 328.066448276
176128 383.233637931
180224 327.065234375
184320 215.502613636
188416 430.754979592
192512 316.477363636
196608 430.941828571
200704 372.524916667
204800 657.6534
208896 772.799678571
212992 347.178642857
217088 264.130692308
221184 395.304619048
225280 230.076416667
229376 296.747230769
233472 245.440764706
237568 584.712423077
241664 1113.95315385
245760 470.073470588
249856 1385.77041667
253952 486.18175
258048 1062.73344444
262144 1021.60825806
266240 1149.68573333
270336 253.436307692
274432 449.282
278528 784.635
282624 425.125888889
286720 931.707625
290816 356.3614
294912 1766.40707143
299008 479.633
303104 560.257111111
307200 572.396
311296 701.550764706
315392 669.463785714
319488 614.919230769
323584 1151.80728571
327680 552.63675
331776 729.3573
335872 337.844333333
339968 453.369529412
344064 507.265642857
348160 3548.122375
352256 448.832153846
356352 1323.76977778
360448 825.460375
364544 375.337444444
368640 649.133111111
372736 736.573454545
376832 860.058857143
380928 714.566
385024 589.208166667
389120 328.509285714
393216 1228.68569231
397312 838.15725
401408 274.1958
405504 1634.9744
409600 985.5864
413696 952.826625
417792 1203.218
421888 1598.43085714
425984 373.975
430080 800.234
434176 236.824714286
438272 296.44175
442368 344.6205
446464 1783.335625
450560 2271.049
454656 1205.3165
458752 1615.16
462848 5643.8075
466944 515.812333333
471040 831.449
475136 5531.31866667
479232 1473.56725
483328 770.421333333
487424 403.842
491520 830.955
495616 3820.252
499712 2473.2192
503808 957.897833333
507904 2257.46
512000 521.011
516096 353.2404
520192 983.917
524288 2772.40883333
528384 14688.597
532480 979.987
536576 968.3755
540672 1088.28611111
544768 720.704666667
548864 805.6738
552960 3848.08225
557056 2081.114
561152 2802.999
565248 3079.76225
569344 4159.72275
573440 1017.6725
577536 1101.54675
581632 3975.36
585728 1002.575
589824 863.276
593920 2823.221
598016 438.9525
602112 4643.35
606208 509.687333333
610304 502.56875
614400 559.2435
618496 1203.715
622592 1102.507
626688 2276.5404
630784 802.34825
634880 439.4795
638976 420.104
643072 279.527
647168 18533.653
651264 635.9705
655360 371.356
659456 675.487
663552 2412.62266667
667648 818.114
671744 269.339
679936 8744.633
684032 1823.6875
688128 1420.118
692224 523.1714
700416 5273.45
704512 1809.664
708608 2258.474
712704 3546.1515
716800 2476.284
720896 296.626
724992 1626.552
733184 3359.1655
737280 6119.948
741376 2425.187
745472 3469.3775
749568 2292.6615
753664 1428.6175
757760 1029.4455
761856 2107.9575
770048 4337.401
774144 1388.3355
778240 576.037
782336 3632.9255
786432 1012.9
790528 13523.765
794624 11092.915
798720 853.3965
802816 1025.0095
806912 1075.068
811008 7164.66
815104 1448.0485
819200 6008.315
823296 624.802
831488 506.358666667
835584 1860.80233333
847872 1357.702
851968 545.432
856064 809.312
860160 3865.6
864256 524.015
868352 1029.284
872448 1104.392
876544 759.52
880640 1647.468
884736 2078.0275
888832 3515.6635
897024 1874.493
901120 563.273
913408 684.81
917504 948.855
921600 1319.078
925696 4925.42
929792 866.774
933888 4601.3195
937984 772.1055
950272 2840.44533333
987136 11658.196
991232 557.61
995328 1801.015
999424 2625.492
1003520 6887.49
1011712 271.552
1019904 6327.611
1024000 1270.061
1028096 422.652
1032192 1191.227
1048576 1288.02
1056768 735.162
1060864 1605.00033333
1077248 22007.1285
1110016 16767.05
1114112 646.431
1126400 558.339
1138688 7976.032
1150976 9140.754
1159168 570.311
1163264 13510.864
1167360 2353.04933333
1175552 674.888
1212416 674.745
1253376 1919.813
1265664 3654.156
1298432 555.539
1302528 1291.468
1314816 3939.953
1355776 739.64
1392640 1143.715
1417216 2231.1918
1421312 766.556
1429504 1644.366
1433600 606.642
1441792 24154.992
1474560 45624.892
1490944 2568.944
1511424 21861.567
1523712 838.178
1540096 1009.572
1556480 4460.547
1576960 1627.12
1589248 1594.864
1662976 657.415
1691648 721.658
1703936 2808.351
1736704 1035.327
1740800 1206.484
1748992 20001.815
1789952 1427.324
1839104 5911.881
1843200 1266.54833333
1851392 10615.152
1880064 14786.887
1888256 1094.192
1900544 922.12
1908736 14534.2675
1925120 3007.18
1929216 12584.544
1937408 884.207
2007040 5853.219
2011136 1271.635
2031616 3628.17628571