4096 3.10638136286
8192 4.39665738352
12288 5.49496124187
16384 6.89638212766
20480 7.37513464491
24576 8.28051487991
28672 9.39888463326
32768 10.9537994439
36864 12.0583220978
40960 15.2191968547
45056 15.7849560654
49152 19.5066244411
53248 22.9708299809
57344 26.7460313052
61440 29.1835445453
65536 36.5166065143
69632 48.1910567801
73728 59.9669483342
77824 69.6902804202
81920 75.3866639269
86016 93.6089310142
90112 89.5470890785
94208 104.429222494
98304 84.5742895522
102400 90.4692354386
106496 82.3346350649
110592 97.6255943231
114688 113.735087458
118784 114.105445426
122880 88.2895980892
126976 97.7013826087
131072 112.16634957
135168 97.1971970149
139264 243.562885484
143360 134.919717391
147456 314.658117143
151552 398.469093023
155648 199.164091176
159744 140.710057895
163840 203.276080556
167936 228.582072414
172032 303.472006061
176128 289.180428571
180224 172.741135484
184320 146.75295
188416 383.329696667
192512 260.5151875
196608 148.164128
200704 135.975616667
204800 261.449516667
208896 587.396592308
212992 484.361031579
217088 214.431721053
221184 215.679164286
225280 238.67111875
229376 196.881346154
233472 302.038538462
237568 154.006328571
241664 412.009063158
245760 428.0654
249856 125.646814286
253952 370.225872727
258048 314.67932
262144 469.445771429
266240 781.270033333
270336 190.0279375
274432 245.83178
278528 515.698076923
282624 933.580516667
286720 256.924892857
290816 688.02238
294912 170.6036
299008 880.29484
303104 598.4645
307200 1808.181875
311296 235.3953
315392 649.271525
319488 707.1428
323584 187.6078
327680 364.9018
331776 227.11715
335872 401.9516
339968 504.8221
344064 1038.86194
348160 301.0488
352256 780.55228
356352 345.441366667
360448 369.592375
364544 312.770275
368640 261.61
372736 153.1587
376832 646.336833333
385024 441.89188
389120 272.07375
393216 367.787583333
397312 388.3337
401408 501.23535
405504 163.3606
409600 707.04825
413696 1192.61256667
417792 542.029585714
421888 221.223216667
425984 806.061
430080 245.908833333
434176 302.762942857
438272 268.95295
442368 939.135675
446464 306.774233333
450560 308.63682
454656 642.588
458752 269.103025
462848 259.24805
466944 490.207942857
471040 457.505
475136 1971.7323
479232 332.9575
483328 520.8404
487424 223.3992
491520 2173.56033333
499712 544.44345
503808 1350.79952
507904 219.68848
512000 419.2201
516096 1513.98225
520192 4713.90475
524288 242.8602
528384 294.72075
532480 207.8981
536576 392.8235
540672 799.638675
544768 792.44475
548864 1710.25805
552960 248.2737
557056 231.9453
565248 392.15995
573440 1039.11275
581632 517.98335
585728 395.2851
589824 720.295125
593920 1306.1739
598016 428.509066667
602112 350.6463
606208 696.830725
610304 1077.4274
614400 200.3767
618496 382.9048
622592 1242.681275
626688 455.5587
630784 751.7919
634880 3525.3966
638976 349.7333
643072 471.9444
647168 477.5148
655360 668.7726
659456 2200.3774
663552 393.5978
667648 578.6655
671744 297.7326
675840 295.0559
679936 496.393325
684032 622.67635
688128 491.6343
692224 329.891033333
696320 591.052
700416 924.568
708608 522.29175
712704 525.2539
720896 318.509
724992 497.323
733184 2165.0241
737280 603.871233333
745472 406.2495
749568 528.1825
757760 819.7983
761856 1668.2177
774144 751.024
778240 2015.41452
786432 540.819266667
794624 1830.23888
802816 712.31455
806912 4092.6598
811008 563.523
815104 871.15595
819200 453.2557
823296 1637.17318
827392 462.8618
843776 596.38745
851968 1312.88825
856064 1639.8893
860160 520.0655
868352 708.2535
872448 762.4043
880640 1516.2388
888832 1137.24805
909312 406.62085
913408 895.66675
917504 492.4139
921600 1013.77122
925696 550.3169
929792 1045.08873333
937984 1073.41416667
950272 619.9159
958464 852.7533
962560 578.6485
966656 935.2378
987136 647.0113
991232 849.881
995328 653.2113
999424 4655.93435
1011712 1166.4496
1015808 1375.8878
1036288 612.1457
1044480 4441.7865
1048576 1123.29677391
1052672 595.4118
1060864 912.4037
1073152 791.4321
1077248 1042.6731
1081344 1071.7128
1085440 670.65795
1093632 532.0908
1097728 996.978
1105920 731.6522
1110016 830.3175
1114112 1181.97945
1122304 768.35665
1150976 1253.1785
1155072 492.7665
1171456 1645.4845
1175552 1419.441525
1212416 1056.9726
1228800 1668.2707
1241088 631.9512
1257472 805.8119
1265664 1385.4317
1273856 1443.9657
1282048 1299.4413
1298432 1547.3908
1310720 786.3011
1314816 1406.9521
1335296 1830.7754
1339392 799.557933333
1372160 950.7206
1388544 757.8653
1417216 2966.9412
1421312 928.6358
1425408 1342.8783
1429504 1264.9447
1437696 1665.0506
1454080 1459.1299
1470464 1454.2309
1474560 1987.4777
1495040 1075.4832
1503232 779.2451
1536000 1774.1555
1544192 825.037
1552384 982.9582
1556480 1083.5406
1560576 1657.5654
1589248 569.1557
1601536 1863.8839
1605632 1145.1218
1617920 721.0285
1622016 1209.6816
1638400 2584.8623
1646592 921.3126
1650688 869.7209
1675264 1196.594
1683456 1818.3107
1712128 3049.6032
1716224 794.80835
1720320 1346.9029
1724416 6941.9551
1744896 2637.7855
1748992 704.9198
1757184 654.486
1761280 732.5214
1806336 921.9966
1814528 1217.5437
1818624 1056.4352
1839104 3669.24065
1843200 1663.5720125
1863680 746.1483
1884160 1528.6553
1896448 1467.4068
1908736 963.496833333
1937408 1676.531925
1970176 1620.46826667
1982464 2764.0354
2002944 5556.29645
2031616 2777.15978889