4096 2.95646353063
8192 4.0082666852
12288 4.94155935252
16384 6.25177131756
20480 7.23467174447
24576 7.85065933788
28672 8.85922667077
32768 11.2362232325
36864 11.4231930673
40960 12.8442850929
45056 13.9999987542
49152 16.4460331126
53248 18.4103980984
57344 20.4255358964
61440 23.1060068847
65536 24.1818106996
69632 27.9214357479
73728 29.8614938517
77824 32.8853794006
81920 36.3894060995
86016 36.7289094671
90112 38.8976928328
94208 40.6610866774
98304 46.6213805477
102400 47.6467309813
106496 48.3934325638
110592 53.0089941945
114688 56.4991981846
118784 57.6183834459
122880 63.9936144366
126976 60.7158766234
131072 49.5138403149
135168 68.1022951289
139264 69.8333183183
143360 78.3350729927
147456 79.8419765625
151552 68.1639009434
155648 87.7092184466
159744 79.8403317073
163840 106.962129213
167936 98.1512748538
172032 99.6923443709
176128 84.4988125
180224 85.287112
184320 95.8694553571
188416 101.340094891
192512 91.3417394958
196608 99.1493145161
200704 106.766247059
204800 92.5160144928
208896 105.406923077
212992 139.503014706
217088 102.978873016
221184 90.6491111111
225280 101.285551724
229376 103.272625
233472 108.205929825
237568 108.821867925
241664 112.675970588
245760 125.75228
249856 113.989019231
253952 154.627520833
258048 127.689644444
262144 123.123869565
266240 156.353772727
270336 135.904962963
274432 133.02284
278528 156.588444444
282624 153.439820513
286720 161.908775862
290816 180.768513514
294912 196.672833333
299008 189.616042553
303104 150.401608696
307200 160.047026316
311296 157.924711111
315392 171.313193548
319488 283.837461538
323584 158.49828125
327680 164.499833333
331776 232.9753125
335872 173.861
339968 136.473454545
344064 233.45175
348160 153.088518519
352256 266.892904762
356352 244.727047619
360448 173.77148
364544 275.177368421
368640 319.3365
372736 303.862
376832 221.78525
380928 186.561947368
385024 232.370888889
389120 211.793153846
393216 180.989708333
397312 209.054857143
401408 219.950642857
405504 218.233636364
409600 363.097368421
413696 263.312307692
417792 141.676666667
421888 166.048461538
425984 186.1787
430080 265.940857143
434176 223.0474375
438272 301.37928
442368 233.054130435
446464 272.726625
450560 285.685777778
454656 238.176461538
458752 211.0515
462848 339.799588235
466944 312.235357143
471040 437.927666667
475136 249.945
479232 360.147444444
483328 273.191636364
487424 189.765272727
491520 198.223285714
495616 242.167
499712 278.373555556
503808 259.7725625
507904 254.935133333
512000 250.920142857
516096 227.997846154
520192 318.42575
524288 327.280533333
528384 261.970818182
532480 207.029416667
536576 318.724
540672 388.799307692
544768 280.4993
548864 295.458571429
552960 377.690357143
557056 266.810217391
561152 391.948882353
565248 266.193090909
569344 215.8322
573440 202.935833333
577536 656.922444444
581632 171.272666667
585728 380.711090909
589824 514.60225
593920 185.669
598016 327.3255
602112 311.161333333
606208 422.6896
610304 308.455
614400 974.0206
618496 269.9296
622592 288.206
626688 268.382818182
630784 366.178125
634880 386.308071429
638976 271.070333333
643072 413.82325
647168 388.7696
651264 448.644428571
655360 410.472615385
659456 273.033416667
663552 279.013
667648 314.92565
671744 300.0114
675840 306.679857143
679936 433.401666667
684032 694.884166667
688128 426.137416667
692224 313.943909091
696320 371.489454545
700416 506.640125
704512 499.9972
708608 285.9924
712704 453.6013
716800 363.490538462
720896 419.198625
724992 410.607
729088 411.1023
733184 506.087333333
737280 259.4155
741376 594.688555556
745472 442.471375
749568 325.41725
753664 447.381
757760 485.694142857
761856 610.370652174
765952 897.636166667
770048 402.497636364
774144 340.298833333
778240 400.106
782336 288.810833333
786432 446.174375
790528 434.327888889
794624 417.079375
798720 456.608333333
802816 409.082833333
806912 786.947142857
811008 461.3792
815104 331.84475
819200 437.3075
823296 289.151625
827392 379.4428
831488 490.179333333
835584 432.473888889
839680 278.5684
843776 360.890714286
847872 304.20275
851968 429.222571429
856064 413.1475
860160 366.817
864256 355.4065
868352 633.09225
872448 595.796666667
876544 1135.64755556
880640 388.125538462
884736 526.674833333
888832 641.750409091
892928 480.4385
897024 527.893333333
901120 1552.94275
905216 728.041428571
909312 339.6364
913408 547.356666667
917504 539.713083333
921600 538.031421053
925696 469.8386875
929792 485.56925
933888 640.3666
937984 375.953285714
942080 464.910625
946176 637.9645
950272 552.019833333
954368 639.29875
958464 387.292833333
962560 473.332875
966656 514.098666667
970752 480.346
974848 536.560571429
978944 696.2308
983040 658.589428571
987136 1472.265
991232 550.28075
995328 639.282
999424 346.81
1003520 733.980166667
1007616 441.152833333
1011712 349.120166667
1015808 747.401214286
1019904 369.3138
1024000 469.805375
1028096 652.014166667
1032192 557.739625
1040384 891.592
1044480 513.616
1048576 630.828942029
1052672 737.324111111
1056768 518.961857143
1060864 455.327888889
1064960 592.1676
1069056 544.0495
1073152 478.3042
1077248 455.084571429
1081344 390.434833333
1085440 403.9695
1089536 832.5624
1093632 861.06575
1097728 491.027625
1101824 652.1665
1105920 491.209428571
1110016 605.609857143
1114112 495.427
1118208 641.68375
1122304 526.722857143
1126400 629.0124
1130496 470.0875
1138688 438.929
1142784 542.5586
1146880 689.3664
1150976 480.3155
1155072 526.228
1159168 2947.8495
1163264 523.3085
1167360 691.1626
1171456 561.544285714
1175552 618.574
1179648 1099.5612
1183744 802.893
1187840 1241.117
1191936 422.781333333
1196032 558.58
1200128 1330.69266667
1204224 441.77625
1208320 1201.5572
1212416 1039.537
1216512 997.1535
1220608 626.0305
1224704 1503.8625
1228800 2094.415
1232896 785.759
1236992 546.4606
1241088 900.204
1245184 1036.522
1249280 496.3615
1253376 588.483
1257472 616.472
1261568 724.354
1265664 673.02125
1269760 1742.1765
1273856 321.803
1277952 682.906333333
1282048 382.871
1286144 2677.7525
1290240 833.8355
1294336 760.05425
1298432 1040.2822
1302528 779.362
1306624 1161.89733333
1310720 741.5686
1318912 603.248666667
1323008 487.7525
1327104 596.194
1331200 456.633666667
1339392 1953.206
1343488 1185.5015
1347584 469.572
1351680 516.735
1355776 719.333666667
1359872 612.851333333
1363968 744.2335
1368064 603.705
1372160 1211.115
1376256 725.111
1380352 696.964
1384448 644.0615
1388544 749.1652
1392640 530.431666667
1400832 1028.88733333
1409024 694.843
1413120 468.924
1417216 1014.19230769
1421312 959.37725
1425408 754.421666667
1429504 834.7105
1433600 670.559666667
1437696 781.3305
1441792 751.955
1445888 551.077333333
1449984 1043.152
1454080 1401.11233333
1458176 1486.4435
1470464 739.526
1474560 613.696
1482752 847.666333333
1486848 537.712
1490944 743.84475
1495040 1074.1705
1499136 2382.424
1507328 524.859
1511424 799.964
1515520 791.163
1519616 920.5594
1523712 1078.44275
1527808 792.415
1531904 601.9385
1536000 1382.472
1540096 801.0889
1544192 666.3345
1552384 508.34
1556480 1065.876
1560576 531.941
1564672 1369.63266667
1572864 494.2055
1576960 1119.5135
1585152 778.3875
1589248 2727.1655
1593344 521.96
1597440 718.119
1605632 2324.0055
1609728 1129.239
1613824 966.7835
1617920 941.609
1622016 473.192
1626112 496.461
1630208 1599.42475
1634304 4935.404
1638400 486.448333333
1642496 925.2525
1646592 720.423
1650688 1107.68233333
1654784 652.961
1658880 2773.57233333
1662976 720.4875
1667072 1667.652
1671168 624.991
1683456 584.9256
1687552 574.227
1691648 2731.76033333
1695744 925.134
1708032 1018.984
1712128 1963.678
1716224 928.934
1720320 2135.79266667
1724416 791.956
1728512 433.084
1732608 895.166
1736704 769.1105
1744896 714.858
1748992 570.343
1753088 2530.075
1757184 522.0
1761280 949.135
1769472 1227.76433333
1777664 1873.8985
1781760 864.765
1785856 1717.79407143
1789952 1848.724
1798144 811.4335
1810432 1366.29233333
1818624 1136.7705
1826816 1502.994
1835008 647.645666667
1843200 1351.5187
1847296 945.1695
1859584 710.609
1863680 1420.639
1867776 1298.623
1871872 1035.9105
1884160 696.091333333
1888256 946.6
1892352 724.0515
1896448 545.799
1900544 542.1485
1904640 1119.84728571
1908736 1230.03135
1912832 764.112
1916928 886.355
1925120 2818.544
1929216 1101.939
1933312 812.885
1937408 1153.13916667
1941504 725.6565
1957888 807.5555
1961984 819.8535
1970176 1329.77522222
1978368 1120.212
1986560 741.6195
1990656 787.801
1998848 744.77
2002944 1223.29644444
2011136 1566.8525
2023424 844.213666667
2027520 821.1105
2031616 1232.13523517