4096 1.5989957722
8192 2.84463742785
12288 3.95218860637
16384 5.34422334532
20480 5.94656404089
24576 6.98929588432
28672 8.07562271293
32768 9.68707149289
36864 11.351122085
40960 14.428307881
45056 14.7629767442
49152 18.1133782718
53248 21.9948767323
57344 25.0031864205
61440 27.8925002354
65536 33.7207563819
69632 44.5599228579
73728 50.8657889299
77824 59.3112576419
81920 66.9849275362
86016 71.8705848214
90112 67.1652892562
94208 69.1725841785
98304 79.5674928425
102400 89.8284941176
106496 87.2836
110592 85.8315433071
114688 84.6236266667
118784 108.165133758
122880 96.3852063492
126976 96.5099113924
131072 93.9649033767
135168 207.863319149
139264 160.552363636
143360 212.368105263
147456 121.9352
151552 243.27875
155648 258.196875
159744 128.103368421
163840 150.92
167936 194.486
172032 114.082181818
176128 127.308222222
180224 185.093444444
184320 231.143851852
188416 253.300774194
192512 169.599851852
196608 526.118315789
200704 229.71075
204800 184.552941176
208896 331.1425
212992 263.906588235
217088 154.352222222
221184 333.06475
225280 763.425142857
229376 157.20825
233472 186.426
237568 171.7196
241664 256.602666667
245760 182.261
249856 130.744666667
253952 522.042222222
258048 166.879272727
262144 257.300571429
266240 484.666222222
270336 247.847692308
274432 252.105777778
278528 212.05
282624 194.303
286720 208.937818182
290816 253.347384615
294912 149.298666667
299008 368.013846154
303104 218.762
307200 343.35
311296 240.4816
315392 620.392666667
319488 185.8456
323584 486.932888889
327680 233.24
331776 221.669
335872 367.726666667
339968 967.832
344064 263.190666667
348160 638.166333333
352256 552.36
356352 301.4432
360448 239.76
364544 164.692
368640 625.742
372736 1387.50066667
376832 317.415
380928 403.625333333
385024 309.114
389120 191.1175
397312 428.74
401408 1065.364
405504 854.606666667
409600 260.856
413696 621.8784
417792 291.161333333
421888 429.412
425984 928.962666667
430080 267.548
434176 421.224
438272 224.672
442368 165.682
446464 628.598
450560 172.149
454656 1176.86133333
458752 992.534666667
462848 372.196
466944 285.234666667
471040 197.768
475136 102.476
479232 607.053333333
483328 266.976
487424 214.413333333
491520 418.37
495616 226.67
499712 435.242
503808 706.893333333
507904 346.597
512000 354.828
520192 584.981333333
524288 426.88
528384 301.612
532480 669.372
536576 429.73
540672 499.2368
544768 689.284
548864 448.708
552960 1472.4
557056 269.452
561152 530.149
565248 952.436
569344 557.448
573440 171.876
577536 302.78
581632 998.156
585728 1138.0
589824 389.321333333
598016 683.418666667
602112 378.58
606208 226.476
610304 319.268
618496 1834.992
622592 546.774
626688 203.924
630784 290.756
634880 750.829714286
638976 320.51
643072 507.984
647168 352.998
651264 2454.90533333
659456 245.996
663552 332.066
667648 491.586
671744 1171.012
675840 615.242
679936 487.906
684032 261.748
688128 1263.379
692224 419.338
700416 436.914
704512 2454.856
712704 319.488
716800 421.576
720896 528.126
729088 1210.343
733184 369.412
737280 545.014
741376 530.088
745472 465.332
749568 398.932
757760 453.704
761856 583.18
770048 2024.12
774144 345.996
778240 399.302
794624 468.512333333
798720 1042.228
802816 536.536
806912 564.152
815104 522.584
819200 756.236
831488 4539.496
835584 3446.994
843776 388.088
851968 2385.3
868352 2115.058
880640 428.24
884736 900.7
888832 856.5136
892928 307.364
913408 749.774
921600 901.017333333
925696 814.328
933888 1545.413
942080 947.332
946176 573.376
954368 1363.152
962560 849.456
970752 2025.46666667
974848 683.004
987136 563.116
995328 418.264
999424 3190.616
1007616 400.512
1015808 898.994
1024000 1240.672
1028096 3506.846
1036288 788.361333333
1040384 419.308
1044480 653.884
1048576 814.372533333
1052672 523.346
1056768 468.808
1069056 1226.432
1073152 527.244
1077248 674.712
1081344 794.689333333
1085440 4034.164
1093632 4436.736
1105920 636.012
1118208 5038.852
1130496 630.924
1150976 480.544
1155072 1052.508
1167360 438.364
1175552 1628.01466667
1191936 798.956
1212416 601.594
1216512 5209.752
1224704 831.086
1245184 482.312
1257472 539.97
1269760 922.776
1290240 949.54
1294336 1023.724
1302528 3032.268
1310720 1336.912
1318912 953.16
1323008 996.092
1331200 2289.166
1343488 691.328
1376256 733.016
1396736 1041.76
1400832 670.736
1413120 1109.6
1425408 585.4
1429504 1083.944
1433600 660.184
1441792 541.04
1445888 577.08
1466368 701.624
1470464 528.424
1474560 924.112
1478656 643.208
1495040 1163.096
1556480 2231.56666667
1572864 1005.372
1589248 802.044
1597440 1596.116
1601536 2005.46
1622016 1281.392
1630208 747.636
1638400 1407.232
1650688 2135.536
1662976 1301.27
1703936 6276.388
1712128 1218.764
1761280 798.516
1773568 1170.056
1806336 1111.172
1810432 1181.982
1818624 601.564
1843200 1897.223
1847296 3179.928
1859584 1497.932
1908736 3459.093
1916928 1075.314
1933312 920.544
1937408 1318.7505
1941504 1859.096
1982464 1843.392
1998848 1139.952
2002944 744.152
2011136 1421.16
2015232 1384.84
2031616 1532.92072727