4096 1.65243984931
8192 3.02941228697
12288 4.76816093092
16384 8.36013982095
20480 11.9495536796
24576 14.0469063245
28672 16.7722144918
32768 20.8792895455
36864 23.1681159898
40960 22.1735342675
45056 15.8783046043
49152 19.4049716438
53248 25.1523733333
57344 30.1993858311
61440 37.129137018
65536 57.552843764
69632 149.004320082
73728 240.077127429
77824 333.909284396
81920 505.310926197
86016 477.855035972
90112 373.05954141
94208 766.550374844
98304 343.189047671
102400 786.964396194
106496 398.233669658
110592 309.925734
114688 404.207245106
118784 502.391798598
122880 285.532426263
126976 348.848421472
131072 133.713512952
135168 604.336219298
139264 810.52567551
143360 641.945128889
147456 514.8222525
151552 977.344780952
155648 1015.9698
159744 713.809064286
163840 1359.58857931
167936 1575.62058929
172032 583.517508333
176128 704.201042857
180224 188.044981818
184320 188.014166667
188416 328.355908696
192512 743.918815625
196608 1132.8516
200704 1313.8934871
204800 941.758638095
208896 189.86434
212992 1556.70716923
217088 1430.63992727
221184 207.703036364
225280 207.722838462
229376 1314.21478824
233472 1591.93476154
237568 2822.35440625
241664 1444.39857059
245760 451.015566667
249856 235.663325
253952 694.585227778
258048 902.298918182
262144 647.097572727
266240 1169.47670909
270336 2029.088075
274432 661.1311
278528 3897.4568
282624 813.40541
286720 2826.37591667
290816 404.95044
294912 365.9394
299008 1324.06082
303104 541.35098
307200 708.7369
311296 1035.7590125
315392 916.034058333
319488 1727.01303125
323584 431.7713375
327680 285.78665
331776 334.44909
335872 1486.65076
339968 2256.33385
344064 358.62875
348160 3625.5176
352256 478.230975
356352 1104.89451429
360448 1433.22986667
364544 830.407190909
368640 376.69688
372736 705.32485
376832 2227.8528
380928 1512.59933
385024 3332.477975
389120 529.2423
393216 1166.79626
397312 1320.40166667
401408 2021.37082857
405504 1045.57
409600 563.18872
413696 1553.81161
417792 3321.9003375
421888 5845.52008
425984 382.9134
430080 2981.6152
434176 2574.79327778
438272 1348.60428889
442368 571.8115
446464 835.064128571
450560 830.742966667
454656 1164.12594
458752 556.641125
462848 730.37
466944 2122.03366
471040 5846.50371429
475136 2560.0266
479232 869.073775
483328 4533.5107
487424 389.2358
491520 790.95076
495616 3695.60014
499712 2001.6695
503808 4448.37174
507904 2463.06151
512000 433.6367125
516096 1466.687175
520192 1817.88486667
524288 778.664
528384 2269.86325
532480 2839.184375
536576 700.99265
540672 2537.03221818
544768 1276.7787
548864 2658.22142
552960 658.93455
557056 760.948155556
561152 1168.04997143
565248 989.17215
569344 1430.296275
573440 2070.15602
577536 1748.84126
581632 1526.84501667
589824 670.13048
593920 1206.33655
598016 3795.8491
602112 1497.13585
606208 698.060575
610304 695.1016
614400 1010.600575
618496 494.76225
622592 2235.80841429
626688 1900.7037
630784 692.394216667
634880 3882.4479875
638976 3958.99395
643072 9023.14376667
647168 6323.61164
651264 2910.7151
655360 1221.090025
659456 845.661875
663552 2683.65308
667648 2699.39245
671744 1132.903525
675840 986.42435
679936 313.6215
684032 402.385266667
688128 3206.47825
692224 3235.17556667
696320 2021.63445
700416 1975.31326667
704512 3035.1218
708608 2265.91467143
712704 683.04115
716800 1374.77525
720896 2681.918125
724992 629.7375
729088 1356.0769
733184 2718.2506
737280 15617.118
741376 788.208733333
745472 522.9509
749568 1743.5642
753664 882.0446
757760 1088.4664
761856 4650.11044286
765952 1020.45675
770048 643.2378
778240 827.1555
782336 755.7927
786432 2053.56516667
794624 3060.95441333
798720 2583.1419
802816 3834.09435
806912 4349.58076667
811008 1939.36445
815104 4169.011225
819200 4677.32796667
823296 1324.362175
827392 787.124233333
831488 455.1706
835584 3831.387175
843776 1489.15945
851968 2916.20475
860160 2788.0071
868352 1991.486425
872448 1021.91845
876544 2068.937
880640 4472.250275
884736 4008.5622
888832 1783.6546
892928 4757.54515
897024 359.78865
901120 2380.938
909312 4568.82576667
913408 3454.256925
921600 4517.047775
925696 1631.46828
929792 2364.56653333
933888 3454.177
937984 700.02295
942080 910.944166667
946176 1009.4809
950272 809.95255
954368 1577.91155
958464 2254.91375
962560 2092.0607
966656 572.3014
970752 1116.1365
974848 2827.6167
978944 5017.9877
983040 4833.86386667
987136 16201.4128
991232 5382.6175
995328 775.9696
999424 5433.7155
1003520 873.70785
1007616 2547.76606667
1011712 2409.61535
1015808 1254.07552857
1019904 5096.0833
1024000 2370.00295
1028096 957.7895
1032192 1312.49255
1036288 2078.04665
1040384 3350.89865
1044480 2774.334
1048576 2074.009008
1052672 4951.4865
1056768 1072.46715
1060864 2252.320025
1064960 743.195333333
1069056 6346.9097
1073152 1185.7302
1077248 4306.86786667
1081344 2237.03442
1085440 1396.5007
1097728 4380.89605
1101824 1235.044625
1105920 779.6244
1118208 1689.44045
1126400 8585.76866667
1134592 703.2826
1146880 1596.38875
1155072 1726.7794
1159168 1151.79486667
1163264 1717.3573
1171456 1913.94484
1179648 1697.7644
1187840 2602.43008333
1196032 1516.4369
1204224 1481.0842
1208320 6090.15238333
1224704 853.3978
1228800 15395.5928
1232896 1335.6121
1236992 1225.7652
1241088 20572.6856
1245184 4300.285
1249280 1079.5694
1253376 1042.6906
1257472 24629.2118
1265664 5464.968
1269760 1936.31776667
1273856 1989.6326
1277952 803.3518
1282048 18577.4447
1286144 4396.536
1290240 2378.4892
1294336 1394.6813
1298432 2665.105
1302528 2754.49853333
1310720 1848.4612
1314816 17541.3454
1323008 1306.33416667
1331200 1604.5993
1335296 6554.31215
1343488 4470.7059
1347584 3900.5943
1351680 3179.9707
1355776 5429.0555
1359872 1156.8042
1372160 2432.9345
1388544 33174.179
1396736 1867.427
1404928 1687.9457
1409024 27296.151
1417216 1143.2684
1421312 2181.4571
1425408 4627.206
1429504 5402.33662
1433600 2215.1037
1441792 4808.32125
1449984 950.2466
1454080 5969.3287
1458176 6189.89085
1462272 6278.6382
1478656 1859.3881
1482752 1658.6922
1486848 2766.2543
1495040 2672.43835
1499136 1826.4032
1507328 1676.4583
1511424 1459.29325
1527808 839.466
1536000 1216.4598
1544192 1837.69295
1552384 2106.11685
1556480 11564.652525
1564672 2920.5333
1576960 8713.6205
1589248 1512.36343333
1609728 11113.1475
1622016 10367.6492
1626112 1658.5865
1642496 1380.1991
1646592 1606.88355
1650688 8755.45445
1658880 15873.8626
1662976 4090.6651
1667072 909.1544
1683456 10485.172
1687552 13758.14015
1699840 13049.209
1703936 6441.49235
1708032 2536.028
1716224 17302.8315
1724416 1099.9559
1732608 2512.1447
1744896 4045.1166
1753088 1995.6138
1757184 3455.2167
1777664 9587.7993
1781760 19349.2934
1785856 1883.8173
1789952 2258.4581
1802240 1324.19635
1810432 708.7159
1818624 1247.6628
1822720 4868.8738
1826816 3699.204
1830912 2060.09985
1843200 6527.9216625
1851392 9861.7487
1859584 1130.9644
1863680 15642.4449
1875968 5441.97865
1880064 2338.14683333
1884160 1524.73305
1892352 3879.8064
1904640 5669.48765
1908736 3219.73371667
1912832 14350.4782
1916928 9145.457
1929216 1341.3404
1937408 5218.17014839
1941504 6796.73545
1945600 11091.2497
1961984 3997.4963
1970176 5582.48081429
1974272 12538.5721333
1978368 1349.0591
2002944 5294.57084
2007040 3098.8241
2011136 3606.5345
2015232 18501.9339
2019328 4435.9887
2027520 5137.6752
2031616 4700.66549241