4096 3.26213121712
8192 4.73606014175
12288 6.50795279877
16384 10.3667862147
20480 14.1809092271
24576 15.2115429423
28672 18.3852554982
32768 22.1275102541
36864 13.822234717
40960 15.5332955224
45056 17.8080806175
49152 23.2340560676
53248 28.1200654639
57344 35.3291595041
61440 44.1581651188
65536 59.1385032933
69632 118.601357589
73728 200.252383883
77824 300.397519658
81920 339.195463856
86016 410.406847021
90112 447.269190709
94208 599.400119512
98304 559.870926389
102400 537.86655468
106496 507.520714953
110592 1048.55214427
114688 565.544938356
118784 707.29310375
122880 626.611690826
126976 533.039232394
131072 322.182703443
135168 909.169280952
139264 1046.6301675
143360 676.34654
147456 1149.33006757
151552 1423.57835417
155648 1118.3717625
159744 984.424256667
163840 1471.45558462
167936 837.456269565
172032 2121.857065
176128 1660.05956429
180224 858.7132
184320 2041.42869524
188416 2196.76287419
192512 1067.38595294
196608 1700.09248261
200704 537.534314286
204800 3480.65070833
208896 1080.28629375
212992 2299.83187143
217088 1010.6286
221184 1005.62155385
225280 1212.54753913
229376 4565.71508182
233472 1540.45584545
237568 1409.8046125
241664 3532.23788333
245760 1431.2032625
249856 726.70716
253952 2714.33837692
258048 1124.53092
262144 2646.22196364
266240 758.08237
270336 2219.29654545
274432 1230.44378889
278528 1112.42744286
282624 1208.6566
286720 1660.67498889
290816 3298.35883636
294912 2568.85561429
299008 2101.9596625
303104 3339.1582
307200 917.712425
311296 2775.2991
315392 1087.61936667
319488 2404.64808
323584 1129.79040714
327680 3299.88443
331776 1927.1308
335872 1094.40562
339968 1955.88804286
344064 1993.71212
348160 1113.10376667
352256 1806.8307
356352 3772.8406
360448 4310.68985
364544 3926.40143333
368640 1647.78923333
372736 3988.186475
376832 3529.21405
380928 5492.5483125
385024 1742.3055625
389120 5438.99818
393216 375.297433333
397312 2929.11704286
401408 5390.311
405504 1973.98731429
409600 714.148433333
413696 2030.43178889
417792 2508.71012857
421888 2879.9621
425984 601.53558
430080 763.34794
434176 3359.04417778
438272 3100.21915
442368 2018.52259
446464 1480.77494545
450560 3484.022075
454656 341.606683333
458752 1034.6406
462848 1554.36988333
466944 1426.17406667
471040 367.42165
475136 1124.7702
479232 1268.19591667
483328 1335.6421
487424 1504.09008
491520 676.784733333
495616 2900.54851667
499712 4922.09467778
503808 12047.6148
507904 4112.553875
512000 630.666233333
516096 2188.1716
520192 2231.24486667
524288 2052.1886
528384 396.723175
532480 263.7522
536576 1100.837
540672 1785.45102
544768 3755.0799
548864 1016.1262
552960 842.37562
557056 414.764333333
561152 1906.14392727
565248 1923.93683077
569344 2229.4715
573440 1657.4442
577536 3841.5405
581632 887.22685
585728 417.5781
589824 1101.708075
593920 612.351125
598016 1598.949575
602112 3734.02922222
610304 3819.28556667
614400 1384.4044
618496 1470.19836667
622592 1736.519
626688 728.8842
630784 1155.8062
634880 1003.7954125
638976 1846.3503
643072 1287.96765
647168 4435.3856
651264 2362.6325
655360 4402.3734
659456 538.0351
663552 3926.9211
667648 2260.4561
671744 4445.6482
675840 4168.14816667
679936 3078.65436667
684032 1771.29486
688128 4157.7842
692224 6366.34095
696320 895.185975
700416 1307.36485
704512 1571.03577143
708608 9045.4316
712704 1816.8667
716800 4861.22673333
720896 2967.759
724992 1343.1327
729088 5965.64945
733184 693.044166667
737280 1282.3626
741376 991.071525
745472 4067.14158333
753664 2980.74915
757760 2228.6724
761856 6006.75785455
765952 950.837533333
770048 1028.7144
774144 1950.32935
778240 16644.46045
782336 4183.2544
786432 8150.0785
790528 4445.1643
794624 4498.7764375
798720 1613.9454
802816 4138.31965
806912 5099.60155
811008 1251.5109
815104 6811.8878
819200 5655.6464
823296 5542.30486667
827392 1259.00095
831488 956.7664
835584 2146.4426
839680 4842.9155
843776 1028.1372
847872 14653.0193
851968 967.4753
860160 3446.6501
864256 2115.6342
868352 12001.0638
872448 847.969533333
876544 1647.41753333
880640 1700.32425
884736 1286.20525
888832 3598.08988333
892928 1635.6743
897024 1411.63875
901120 558.2007
905216 7334.7822
909312 6011.1654
913408 1306.3007
917504 865.9726
921600 4287.35224286
925696 6564.9708
929792 852.27885
933888 1647.3137
942080 1153.6348
946176 982.80575
950272 1001.0326
954368 1880.73605
958464 10589.07412
962560 892.07085
966656 2100.5694
974848 892.502433333
978944 7631.8624
983040 671.7135
987136 3682.69892
991232 8122.4982
995328 2047.91625
999424 3950.4503
1003520 6204.69463333
1007616 2140.5283
1011712 3772.82325
1015808 2063.3622625
1019904 15436.0068
1024000 1988.98015
1032192 14030.4169667
1036288 5508.44435
1040384 29802.7817
1044480 837.2159
1048576 5570.28949231
1052672 2936.182975
1056768 8038.34223333
1060864 907.34205
1064960 2193.96995
1069056 8606.8634
1073152 1169.03505
1077248 3717.1469
1081344 3020.6163
1085440 1111.3194
1089536 10129.5573
1093632 2003.1434
1097728 9596.0001
1101824 1122.74885
1105920 1042.40245
1110016 1158.09555
1114112 12643.2783
1118208 3537.2378
1122304 1389.63205
1126400 2384.9131
1130496 907.6097
1138688 32406.9595
1142784 1759.25895
1155072 3263.6738
1159168 3986.44915
1171456 1051.28335
1179648 5166.43275
1191936 7203.3924
1196032 4662.21555
1200128 1193.89495
1204224 1795.29335
1216512 4606.07066667
1220608 5882.00755
1224704 3236.9577
1228800 3801.0816
1236992 9374.3966
1245184 6971.05756667
1249280 1504.4111
1253376 7412.862
1257472 837.8728
1269760 4294.4467
1273856 1360.2636
1277952 2822.831
1286144 3030.6805
1298432 1325.6793
1302528 700.6608
1310720 2395.1415
1314816 11524.75295
1318912 3182.0871
1327104 2091.6714
1331200 743.3963
1335296 1554.7262
1339392 3374.1325
1355776 12213.1409
1359872 23862.3136
1372160 2096.7171
1376256 4660.0266
1380352 10398.8547333
1384448 10451.536
1388544 1717.935
1400832 12126.9468
1409024 5916.76713333
1417216 2157.9297
1429504 5864.691
1449984 17200.2299
1462272 1505.9137
1466368 3404.386
1490944 7298.3366
1499136 1277.0967
1503232 1325.0904
1511424 6127.6366
1527808 6750.80325
1531904 1291.5325
1540096 8592.41105
1544192 14812.62
1548288 2491.402
1552384 881.3888
1556480 4728.84985
1560576 30096.5266
1572864 3264.8466
1585152 5665.686
1589248 5841.9671
1593344 1738.7121
1597440 1242.4682
1601536 2638.8653
1605632 2272.8065
1609728 3992.4291
1613824 2135.217
1634304 20787.9469
1654784 3560.7784
1662976 20450.7942
1667072 10261.888
1683456 1515.8079
1687552 3599.7131
1703936 1425.3449
1708032 3846.202
1720320 3271.5104
1732608 9298.9557
1740800 3305.3812
1757184 1259.3507
1785856 2606.50905
1798144 2851.5126
1802240 4563.6373
1806336 8050.73383333
1810432 2867.93165
1814528 7847.6701
1818624 3416.486025
1843200 4327.612955
1847296 30582.2005
1851392 3684.16265
1859584 2211.0389
1875968 4476.286
1880064 2214.8387
1908736 2921.95325
1921024 1553.0684
1933312 9347.6751
1937408 8556.15703636
1945600 14113.5208
1949696 1415.5789
1961984 2326.7073
1970176 24818.17885
1982464 4206.8867
1994752 3628.821
1998848 520.0546
2007040 1922.9999
2011136 14362.4496
2031616 9791.356632