4096 2.79221413715
8192 3.8265861665
12288 4.81463228618
16384 5.73209064644
20480 6.73388440652
24576 7.31364399738
28672 8.39909614907
32768 9.30287152088
36864 10.5701507082
40960 11.6495483329
45056 12.7938107533
49152 13.594496423
53248 14.9677206166
57344 16.2219933775
61440 17.1475595345
65536 17.6418245448
69632 19.2406653108
73728 20.4583299727
77824 21.5997794401
81920 23.2184141448
86016 24.3125378534
90112 25.8477487636
94208 27.0848241431
98304 29.6251339174
102400 30.6589221604
106496 32.2802200557
110592 34.9737776573
114688 33.8863545568
118784 35.7335327869
122880 37.5710216383
126976 39.7173072
131072 38.3034953846
135168 38.7654018692
139264 39.4807242525
143360 41.3957102473
147456 41.6152635983
151552 46.2038595041
155648 42.9133497537
159744 46.858546875
163840 48.0613905325
167936 47.7246978417
172032 55.0718679245
176128 53.5656725146
180224 50.6926241135
184320 53.589059322
188416 55.1326258065
192512 59.2790397727
196608 60.0277290323
200704 56.3502337662
204800 58.4888852459
208896 59.0772333333
212992 62.0817903226
217088 60.9033461538
221184 83.3675609756
225280 78.6604594595
229376 74.6848571429
233472 73.4772083333
237568 73.8148139535
241664 77.9198055556
245760 90.4050810811
249856 66.2983125
253952 76.05825
258048 84.7321698113
262144 83.9791785714
266240 74.2769215686
270336 82.0822537313
274432 80.49334375
278528 86.1555238095
282624 80.1959545455
286720 88.0117045455
290816 80.8026521739
294912 100.346963636
299008 86.3143488372
303104 74.947097561
307200 87.5754242424
311296 86.0061066667
315392 101.281240741
319488 88.8411891892
323584 93.9508064516
327680 84.459974359
331776 91.69832
335872 101.944457143
339968 107.26
344064 103.709894737
348160 112.292692308
352256 104.626633333
356352 126.187913043
360448 103.441235294
364544 105.062545455
368640 110.71255
372736 116.305125
376832 116.590764706
380928 155.550045455
385024 105.869076923
389120 94.7886666667
393216 108.830666667
397312 116.832571429
401408 127.328166667
405504 102.242083333
409600 102.056333333
413696 113.347777778
417792 97.0328181818
421888 126.9298125
425984 117.787058824
430080 108.51325
434176 108.075857143
438272 130.650451613
442368 141.293607143
446464 125.938214286
450560 135.948545455
454656 125.875846154
458752 143.885526316
462848 113.92
466944 124.285333333
471040 125.105105263
475136 122.036785714
479232 127.829470588
483328 124.007769231
487424 130.049076923
491520 130.188733333
495616 133.253
499712 197.1904
503808 133.7367
507904 136.596157895
512000 152.7343125
516096 128.482764706
520192 234.752636364
524288 159.216235294
528384 136.227375
532480 158.1929
536576 159.0003
540672 180.837416667
544768 147.571571429
548864 167.214
552960 158.506875
557056 170.400243902
561152 167.967666667
565248 196.270875
569344 162.635428571
573440 163.2261
577536 160.479375
581632 148.088533333
585728 215.404
589824 158.697888889
593920 207.484461538
598016 204.628769231
602112 167.203285714
606208 151.661375
610304 163.304285714
614400 169.091538462
618496 168.443571429
622592 179.121153846
626688 198.6656
630784 162.391733333
634880 181.424416667
638976 233.953285714
643072 176.506428571
647168 186.61
651264 188.417
655360 175.246071429
659456 231.788615385
663552 194.907733333
667648 262.117538462
671744 278.331705882
675840 193.964
679936 177.342857143
684032 242.153238095
688128 181.913
692224 179.06395
696320 210.986875
700416 186.7754
704512 196.698
708608 197.585692308
712704 207.231785714
716800 236.157166667
720896 246.692625
724992 219.940375
729088 181.7134
733184 305.992
737280 192.578785714
741376 215.9186
745472 217.554727273
749568 234.956625
753664 193.353
757760 255.8449375
761856 218.4845
765952 194.767333333
770048 241.168363636
774144 223.716857143
778240 249.74325
782336 238.8375
786432 254.079583333
790528 297.241428571
794624 196.921090909
798720 213.0062
802816 254.34788
806912 223.4385625
811008 200.7378
815104 213.5549
819200 227.883636364
823296 278.42675
827392 220.222333333
831488 234.896714286
835584 232.9686
839680 236.79075
843776 251.802142857
847872 249.591714286
851968 281.696571429
856064 242.879
860160 244.849714286
864256 288.8459
868352 254.845555556
872448 243.526142857
876544 211.9464
880640 297.85025
884736 268.992
888832 294.352315789
892928 259.9566
897024 252.496666667
901120 276.9391
905216 242.1476
909312 255.850833333
913408 275.294142857
917504 253.4264
921600 384.9393
925696 261.699243243
929792 276.729565217
933888 267.305117647
937984 241.913666667
942080 261.690083333
946176 335.5274
950272 291.7231875
954368 258.4721
958464 287.0244375
962560 227.770666667
966656 284.82725
970752 269.862428571
974848 314.827416667
978944 271.647
983040 270.8595
987136 288.685555556
991232 296.594
995328 360.301
999424 258.959666667
1003520 310.869
1007616 279.142666667
1011712 289.340833333
1015808 408.9805
1019904 246.79225
1024000 329.419642857
1028096 300.011230769
1032192 299.299166667
1036288 303.255
1040384 282.483833333
1044480 319.818722222
1048576 309.731538462
1052672 355.336230769
1056768 280.020636364
1060864 356.608636364
1064960 336.2965
1069056 265.892142857
1073152 330.7025
1077248 365.730866667
1081344 306.3005
1085440 348.450533333
1089536 365.407777778
1093632 367.719833333
1097728 319.086571429
1101824 356.286818182
1105920 419.592
1110016 295.269
1114112 277.65325
1118208 282.629
1122304 328.1772
1126400 363.421666667
1130496 274.603142857
1134592 339.539428571
1138688 395.2089
1142784 240.2865
1146880 341.603583333
1150976 342.62575
1155072 330.669333333
1159168 301.8018
1163264 320.317444444
1167360 398.454
1171456 361.731375
1175552 322.1131
1179648 559.82525
1183744 331.826166667
1187840 394.476714286
1191936 439.498428571
1196032 280.4114
1200128 364.3756
1204224 316.34175
1208320 322.318555556
1212416 386.76775
1216512 326.607714286
1220608 336.310071429
1224704 415.433
1228800 294.399
1232896 310.1986
1236992 424.95125
1241088 467.822333333
1245184 396.31525
1249280 320.00475
1253376 289.966166667
1257472 349.578923077
1261568 415.163142857
1265664 426.0448
1269760 354.802166667
1273856 393.6072
1277952 362.254714286
1282048 346.12875
1286144 450.12225
1290240 522.472
1294336 407.054136364
1298432 452.664375
1302528 358.682307692
1306624 584.231
1310720 333.255
1314816 325.0596
1318912 364.754333333
1323008 489.838857143
1327104 387.044714286
1331200 366.2995
1335296 441.434
1339392 466.11125
1343488 327.2926
1347584 376.146285714
1351680 364.3215
1355776 591.582142857
1359872 465.233142857
1363968 462.4608
1368064 450.836
1372160 350.5995
1376256 510.47375
1380352 413.5924
1384448 423.658
1388544 371.182333333
1392640 349.120333333
1396736 399.166272727
1400832 351.063142857
1404928 395.022
1409024 428.366
1413120 426.292
1417216 410.324736842
1421312 407.371083333
1425408 369.3985
1429504 433.323181818
1433600 452.689818182
1437696 437.702
1441792 474.84
1445888 436.4853
1449984 551.56825
1454080 427.163875
1458176 404.677
1462272 336.468
1466368 471.478428571
1470464 384.632666667
1474560 507.797
1478656 435.819285714
1482752 459.629333333
1486848 527.6
1490944 520.113666667
1495040 422.096
1499136 466.929818182
1503232 488.846571429
1507328 488.975125
1511424 540.396833333
1515520 704.50875
1519616 418.0492
1523712 533.509166667
1527808 443.1494
1531904 518.880333333
1536000 453.008666667
1540096 430.799296296
1544192 402.902333333
1548288 446.4396
1552384 554.21125
1556480 354.09
1560576 338.407666667
1564672 500.3092
1568768 697.1295
1572864 397.4416
1576960 494.2265
1581056 547.533
1585152 460.182333333
1589248 394.035
1593344 477.0296
1597440 752.154
1601536 563.971857143
1605632 332.4915
1609728 549.6434
1613824 431.151625
1617920 716.9205
1622016 432.467
1626112 495.167
1630208 435.0645
1634304 430.0804
1638400 519.0055
1642496 987.768
1650688 598.683285714
1654784 603.084666667
1658880 481.526818182
1662976 586.596722222
1667072 560.429666667
1671168 596.018833333
1675264 586.3662
1679360 513.0465
1683456 546.99425
1687552 510.0211
1691648 551.88675
1695744 459.26375
1699840 417.4005
1703936 640.910083333
1708032 629.51425
1712128 601.225
1716224 481.826
1720320 533.4185
1724416 366.722
1732608 696.598285714
1736704 620.97475
1740800 516.669
1744896 445.374
1748992 592.81025
1753088 518.181666667
1757184 513.298
1761280 551.2508
1765376 370.0875
1769472 517.155
1773568 551.6895
1777664 505.969384615
1781760 621.2825
1785856 664.6880625
1789952 456.1413
1798144 521.066333333
1802240 628.315833333
1806336 865.486571429
1810432 462.5182
1814528 597.354
1818624 542.050333333
1822720 489.46925
1826816 744.7296
1830912 431.1996
1835008 442.868428571
1839104 685.015142857
1843200 650.514216216
1847296 705.470142857
1851392 574.515857143
1855488 492.54
1859584 430.40575
1863680 481.646
1867776 534.833571429
1871872 553.5713
1875968 603.949571429
1880064 604.1375
1884160 624.853
1888256 436.83
1892352 816.5828
1896448 653.109111111
1900544 695.77225
1904640 649.725701493
1908736 731.5765
1912832 684.8016
1916928 662.103272727
1921024 660.132875
1925120 746.074222222
1929216 664.003266667
1933312 869.6965
1937408 681.502882353
1941504 591.6725
1945600 715.733866667
1949696 591.473
1953792 632.877818182
1957888 594.432888889
1961984 865.8044
1966080 780.0799
1970176 687.914
1974272 700.683
1978368 1226.19657143
1982464 714.49525
1986560 736.874333333
1990656 456.147
1994752 674.614
1998848 768.117666667
2002944 747.533714286
2007040 622.127555556
2011136 797.324125
2015232 694.343941176
2019328 700.229625
2023424 727.837083333
2027520 1140.85171429
2031616 742.111647945