4096 3.02041547133
8192 4.17584679057
12288 5.34965947113
16384 6.81925041512
20480 7.8250846
24576 8.76042742723
28672 10.1644595682
32768 12.2353391433
36864 13.5864
40960 15.5568329019
45056 17.4349574772
49152 21.1276133577
53248 25.6989640455
57344 30.3293965234
61440 35.6450539047
65536 44.6382064203
69632 64.3522679208
73728 93.8934912136
77824 124.002945201
81920 176.390848127
86016 228.220183635
90112 275.022903298
94208 251.301038526
98304 395.398683392
102400 390.392254223
106496 422.899198783
110592 426.501385403
114688 456.706898389
118784 509.528054455
122880 456.157071667
126976 490.869604305
131072 158.755029703
135168 859.526219269
139264 628.17577821
143360 809.454821918
147456 717.992722222
151552 896.613215569
155648 573.657781818
159744 833.522824675
163840 1021.26616084
167936 707.504728814
172032 659.329451389
176128 668.44254717
180224 688.285826923
184320 1152.89276923
188416 659.712477941
192512 490.908122449
196608 845.771436508
200704 1715.13524359
204800 540.935933333
208896 1244.6655873
212992 843.876597561
217088 1362.88556164
221184 843.557162791
225280 519.210192308
229376 893.107881356
233472 1237.72080882
237568 1004.32143636
241664 1314.80270175
245760 1690.63749153
249856 959.830786885
253952 1305.19360937
258048 807.475352941
262144 820.188552239
266240 1121.73079545
270336 1244.094475
274432 639.363568182
278528 981.944926829
282624 1285.49669444
286720 616.209377778
290816 712.5741
294912 1722.37734211
299008 321.328290323
303104 1741.06154286
307200 1168.96058065
311296 1021.29270909
315392 1378.4387
319488 1306.85738462
323584 1458.31688462
327680 649.153823529
331776 887.547636364
335872 554.425657143
339968 553.500097561
344064 916.341583333
348160 2410.45219048
352256 1025.31417391
356352 1256.08890625
360448 743.580545455
364544 1207.89247368
368640 586.802296296
372736 1531.82295652
376832 1045.71952632
380928 2221.649575
385024 603.666565217
389120 4634.8324375
393216 1282.61690625
397312 1213.33622222
401408 974.5
405504 910.896071429
409600 2592.18586667
413696 964.840571429
417792 2026.96263636
421888 2433.54626667
425984 603.427176471
430080 730.9916
434176 847.128962963
438272 1548.28925926
442368 1281.898125
446464 1510.6785
450560 1767.43636842
454656 2295.16655
458752 1073.87242857
462848 943.398947368
466944 1448.96411111
471040 1797.39961538
475136 888.850733333
479232 1335.462
483328 1080.784
487424 3690.88791667
491520 913.427222222
495616 2034.50873684
499712 469.152444444
503808 1981.44423077
507904 814.083941176
512000 1128.05517647
516096 461.863705882
520192 863.231888889
524288 2990.83945
528384 1624.8312
532480 1185.21216667
536576 939.47515
540672 3114.607
544768 497.235266667
548864 4270.262
552960 1921.4222
557056 2724.032
561152 3072.86365
565248 1688.34817647
569344 1543.62426667
573440 2706.365
577536 2615.49172222
581632 3509.77033333
585728 1081.955
589824 1243.07421429
593920 1438.2386875
598016 2703.05408333
602112 3252.432375
606208 839.446
610304 1607.33833333
614400 942.610375
618496 935.4911
622592 1844.60172727
626688 1647.7697
630784 1358.385
634880 1205.23490909
638976 2342.16542857
643072 1249.64225
647168 1697.8156
651264 1679.400625
655360 1329.20364286
659456 3395.26227273
663552 875.40325
667648 1711.28575
671744 1740.73371429
675840 2521.19557143
679936 3393.18866667
684032 1438.60410526
688128 776.992071429
692224 1317.54642857
696320 1399.79355556
700416 2366.003
704512 2654.79008333
708608 3512.48
712704 2035.18221429
716800 2357.4509
720896 1174.95128571
724992 3005.195375
729088 3354.103
733184 1462.83116667
737280 4897.02614286
741376 1158.07266667
745472 3548.927625
749568 2772.781125
753664 6699.922
757760 1765.48122222
761856 2575.6984
765952 1708.04518182
770048 1019.462
774144 2737.7348
778240 982.058666667
782336 1537.233
786432 5604.53790909
790528 1147.0348
794624 1644.96555556
798720 905.248833333
802816 4951.62676923
806912 1800.7365
811008 794.659555556
815104 1584.0218
819200 2325.30955556
823296 2603.4951
827392 1405.42183333
831488 2896.534125
835584 1279.303125
839680 4240.55677778
843776 1122.48471429
847872 4019.523
851968 1181.743125
856064 1004.53233333
860160 10343.37625
864256 2609.65678571
868352 574.435666667
872448 4414.896
876544 1376.4235
880640 1717.78844444
884736 1556.966
888832 1727.40865
892928 1839.917875
897024 1585.4167
901120 1594.0648
905216 2791.05828571
909312 1909.17155556
913408 3435.91616667
917504 1406.40114286
921600 3743.74270588
925696 1435.43313636
929792 1827.27777778
933888 3361.63028571
937984 1550.145
942080 2265.16158333
946176 1078.0808
950272 1766.6856
954368 1367.2845
958464 1917.91655556
962560 2893.55755556
966656 5322.6885
970752 1203.7385
974848 676.322571429
978944 5468.76733333
983040 1196.3494
987136 1469.73457143
991232 6886.40777778
995328 832.10775
999424 1407.03975
1003520 2294.28825
1007616 3137.6971
1011712 755.23225
1015808 2097.61794118
1019904 1094.2494
1024000 2532.65475
1028096 2170.27375
1032192 2250.884
1036288 1923.8473
1040384 1193.5725
1044480 877.885
1048576 3827.00129787
1052672 2896.32685714
1056768 5702.947
1060864 1127.277
1064960 7867.91
1069056 1499.857
1073152 2980.77477778
1077248 4132.06542857
1081344 1040.60923077
1085440 921.2525
1089536 4098.9562
1093632 1024.207
1097728 2890.286
1101824 1733.483
1105920 1277.536
1110016 2342.9405
1114112 7100.901
1118208 1511.97571429
1122304 2899.942
1126400 1809.057
1130496 1825.97133333
1134592 4698.88533333
1138688 10820.3215
1142784 2124.786
1146880 875.575333333
1150976 3974.28575
1155072 3213.333625
1159168 2130.41433333
1163264 1794.27685714
1171456 3356.47185714
1175552 5149.5749
1179648 3310.5516
1183744 585.972
1187840 2906.911
1191936 1570.44725
1196032 2365.56675
1200128 763.813
1208320 1428.869
1212416 7996.4854
1216512 9246.188
1220608 6531.494
1224704 1131.366
1228800 1982.82325
1232896 5651.64866667
1236992 763.692
1245184 2540.78571429
1249280 1240.11766667
1253376 4388.27233333
1257472 2232.815
1261568 5022.453
1265664 2142.59
1273856 1669.93
1277952 1135.6765
1282048 8207.333
1286144 5887.7113
1290240 1599.43242857
1294336 1338.7688
1298432 771.833
1302528 3831.7474
1306624 2927.362
1310720 598.54
1314816 12947.233
1318912 4077.77133333
1323008 1360.359
1327104 538.034
1331200 1927.116
1335296 4108.42516667
1339392 1021.93433333
1351680 1283.6885
1355776 4897.013
1359872 2825.88433333
1363968 3895.705
1368064 948.438333333
1376256 1417.001
1380352 12697.888
1384448 505.761
1388544 6400.8095
1392640 2845.09122222
1396736 2037.65175
1400832 4094.11
1404928 1226.379
1409024 11334.4208
1413120 2010.77133333
1417216 6020.818
1421312 3068.57833333
1425408 915.7688
1429504 825.4195
1433600 2508.835
1437696 1069.648
1441792 1694.19
1445888 13466.6756667
1449984 1712.11
1454080 2520.447
1458176 1730.1915
1462272 703.535
1466368 1149.844
1470464 3570.929
1474560 1729.03466667
1478656 6309.83566667
1482752 6487.9285
1486848 3768.4195
1495040 1602.358
1499136 1034.1235
1503232 3273.351
1507328 5221.657
1511424 2905.4585
1515520 1406.454
1519616 1515.498
1523712 1601.411
1531904 3035.3562
1536000 1531.957
1540096 2133.1385
1544192 3924.015
1548288 4149.4406
1552384 3509.669
1556480 3737.627875
1560576 993.146
1564672 12311.265
1568768 4143.743
1572864 3346.1676
1576960 3669.3975
1581056 5091.7145
1585152 14073.4726667
1589248 3490.60242857
1593344 3856.3675
1597440 2353.91533333
1601536 3140.0375
1605632 3567.455
1609728 37652.049
1617920 6844.271
1622016 1484.801
1630208 1019.569
1642496 1013.65666667
1646592 30046.203
1650688 1758.42675
1654784 2808.9705
1658880 1491.447
1662976 4264.52866667
1667072 13021.8533333
1671168 8269.831
1675264 8756.006
1679360 746.198
1683456 22548.2896667
1687552 2353.919
1695744 3034.77833333
1699840 1388.649
1708032 29815.215
1712128 14719.615
1716224 2989.39425
1720320 6365.5785
1724416 1233.992
1728512 1840.27
1732608 8818.38266667
1736704 1113.9045
1740800 1321.525
1744896 625.781
1757184 3819.568
1765376 1287.82066667
1777664 3915.48833333
1781760 21734.106
1785856 5657.0628
1789952 834.5675
1794048 1253.5365
1802240 5973.636
1806336 5732.897
1810432 6120.12
1814528 3241.8836
1818624 2226.853
1822720 4984.565
1826816 1178.699
1835008 1051.171
1839104 2373.985
1843200 3980.15465789
1847296 10194.72
1851392 14513.3828
1867776 2400.13133333
1871872 4888.635
1875968 8096.76416667
1880064 3064.147
1884160 918.557
1888256 977.992
1892352 4997.584
1896448 3616.587
1900544 4575.3505
1908736 4096.73307143
1912832 6741.90516667
1916928 3904.7395
1921024 2943.964
1925120 2710.27166667
1929216 9243.93983333
1933312 1674.357
1937408 6439.32440625
1941504 638.414
1953792 4340.1235
1957888 3680.426
1961984 4703.788
1966080 38805.886
1970176 6326.94244828
1974272 2115.36775
1978368 943.384
1990656 1350.546
1994752 1453.73
2002944 3672.843
2007040 6017.4678
2011136 3412.348
2015232 1277.492
2019328 1629.006
2023424 9730.689
2027520 673.484
2031616 6646.1552437