4096 2.96320670621
8192 3.93670069609
12288 4.88584973094
16384 5.85246876876
20480 6.95714793741
24576 7.64409168163
28672 8.77535685343
32768 9.58027912423
36864 11.7625773196
40960 13.4493059798
45056 15.033286582
49152 18.3161117309
53248 22.2919505085
57344 26.1792330448
61440 29.9690320899
65536 36.1862639766
69632 46.4685274196
73728 59.3136768263
77824 72.1225003565
81920 89.9882196406
86016 110.117753842
90112 125.487917603
94208 128.967710728
98304 159.181454187
102400 195.845290634
106496 201.118455036
110592 217.168314782
114688 257.462031785
118784 293.990333495
122880 309.563529312
126976 331.630879734
131072 96.1947990636
135168 437.744716528
139264 447.586104208
143360 383.242511137
147456 415.88130847
151552 692.820528818
155648 448.190960976
159744 561.962279412
163840 393.956650092
167936 506.824076023
172032 719.830532051
176128 536.1235
180224 921.087145238
184320 546.692517815
188416 676.012145967
192512 633.064553846
196608 819.554459954
200704 903.183960227
204800 1023.78138624
208896 1071.21358491
212992 1000.16469318
217088 1238.01346739
221184 795.183835088
225280 1123.18687747
229376 1146.15976543
233472 1386.99332911
237568 1215.30834081
241664 904.691354978
245760 1367.4775
249856 915.961022936
253952 675.038639344
258048 1712.63652332
262144 1325.30346241
266240 1303.28367526
270336 941.728674699
274432 1079.11861275
278528 1595.34079394
282624 1142.55955629
286720 1291.24820126
290816 1589.35793233
294912 813.645387097
299008 1025.30026923
303104 935.019654762
307200 1659.01815584
311296 1064.65484091
315392 1241.22226168
319488 1274.95824444
323584 1520.01734857
327680 1663.35560902
331776 1622.87934014
335872 1806.10480315
339968 2725.96514754
344064 1085.04505825
348160 1754.30623762
352256 1321.25655357
356352 1619.61892308
360448 1505.09207438
364544 1836.75091429
368640 2769.10058242
372736 1871.19010714
376832 1187.92547917
380928 1872.78638211
385024 1655.78392045
389120 780.328116883
393216 904.078241379
397312 1499.97866265
401408 1417.71888312
405504 3008.21458209
409600 1660.23785075
413696 2548.46895455
417792 2754.55108824
421888 1889.97625862
425984 1645.63327536
430080 2569.34693548
434176 1979.2661027
438272 2508.61647917
442368 1518.12145263
446464 2515.67094048
450560 2403.39434524
454656 2475.58427536
458752 1989.63550704
462848 2303.38404687
466944 4667.93896667
471040 4310.27564615
475136 2924.88996774
479232 4056.22517241
483328 2752.75141509
487424 4312.15522414
491520 1289.75948
495616 4272.67013333
499712 2608.20860345
503808 1313.74791667
507904 3073.79091667
512000 4077.96421818
516096 3009.53320313
520192 3110.2978
524288 1285.82652727
528384 2356.88444444
532480 2517.41663793
536576 4197.79240541
540672 2269.58363492
544768 3834.16196078
548864 2191.23197368
552960 3944.97572727
557056 2452.9909375
561152 3232.86431868
565248 945.588761905
569344 3330.44063636
573440 2359.17033898
577536 4563.20975676
581632 7170.7849
585728 4351.10257407
589824 3978.12481967
593920 4390.28331707
598016 3087.76858065
602112 3374.39827083
606208 4850.83613636
610304 3138.95177778
614400 1336.19921951
618496 3062.79108824
622592 1667.56502222
626688 2207.615875
630784 5108.89046154
634880 2114.2621087
638976 1127.60677778
643072 3124.1357931
647168 2551.16865714
651264 1935.92077419
655360 3529.94078378
659456 4634.21758621
663552 2444.76404348
667648 5575.4325
671744 4578.672
675840 3871.43774194
679936 2264.55113178
684032 5462.91590769
688128 3029.85543137
692224 3311.81216667
696320 2279.700375
700416 872.733342857
704512 1567.76864444
708608 2027.09492857
712704 4429.98604167
716800 5880.13257692
720896 5240.06414286
724992 5880.44274286
729088 3303.15188571
733184 5552.930325
737280 3198.54289286
741376 3715.96294737
745472 4222.1966129
749568 2009.16029167
753664 1892.45374419
757760 3364.278
761856 2108.27819512
765952 1896.33212
770048 1271.71015
774144 5286.19767857
778240 1959.70128
782336 1815.85996774
786432 2466.9225
790528 7912.70136842
794624 6208.28668852
798720 3945.68775
802816 2125.95289691
806912 5032.13866667
811008 2323.28673333
815104 4067.4814878
819200 1731.5385625
823296 4084.479625
827392 2168.27511111
831488 4651.18456522
835584 5993.51004348
839680 4550.91335
843776 4802.36425926
847872 8057.598
851968 2176.60886364
856064 10277.24728
860160 4281.1634
864256 6446.58276923
868352 1677.04775
872448 2201.42903704
876544 3616.4100303
880640 5344.8739
884736 1662.25191304
888832 914.678205556
892928 6245.12795
897024 1422.80464
901120 6393.81355882
905216 7996.39983333
909312 4943.12935
913408 5292.2712
917504 4961.12017241
921600 6437.58758824
925696 3795.40771084
929792 3519.53508889
933888 3527.2911
937984 4904.72223684
942080 3240.60181818
946176 5355.925
950272 4564.07948148
954368 2301.97797143
958464 1159.14133333
962560 5291.12194737
966656 3101.76293103
970752 4399.216
974848 5394.66427778
978944 5132.89566667
983040 9672.12465217
987136 6744.84795
991232 8185.35282609
995328 6331.5174
999424 5458.16416667
1003520 1405.45439286
1007616 8947.21319048
1011712 2551.43626316
1015808 3919.32234615
1019904 8399.95121429
1024000 4182.48692308
1028096 6861.13204
1032192 2560.68879167
1036288 6475.54582143
1040384 7129.75023077
1044480 2338.04404348
1048576 5360.38687166
1052672 3113.53108333
1056768 4867.4390303
1060864 4059.57333333
1064960 4283.707125
1069056 1791.51284615
1073152 9327.35073684
1077248 5727.72260526
1081344 2284.37655102
1085440 4247.04648148
1089536 2378.05307692
1093632 3132.58162222
1097728 4592.50576471
1101824 1430.31123077
1105920 5023.98994118
1110016 4508.54578261
1114112 5389.98446154
1118208 3433.42521429
1122304 11693.7868
1126400 9250.39633333
1130496 6081.16521429
1134592 5913.48783333
1138688 9476.01111111
1142784 1512.214
1146880 2796.29045
1150976 1170.842125
1155072 6696.18211765
1159168 16225.1544286
1163264 4398.01606667
1167360 10674.9364118
1171456 4473.50514063
1175552 2718.09016129
1179648 4981.10631579
1183744 13837.57765
1187840 5857.39084211
1191936 8905.20992308
1196032 5528.44593333
1200128 9958.277
1204224 6256.36521053
1208320 2510.8491
1212416 6340.68077778
1216512 3687.16966667
1220608 6216.4612
1224704 6154.637
1228800 2549.57253846
1232896 3828.8995625
1236992 7259.18727273
1241088 3735.902
1245184 16044.6970588
1249280 2792.75775
1253376 9495.98346154
1257472 3302.50085714
1261568 4703.6116875
1265664 3630.01811765
1269760 1786.89791892
1273856 2796.54327273
1277952 3347.69615385
1282048 14466.7048182
1286144 2062.15933333
1290240 2994.81388889
1294336 4669.8152
1298432 3448.98013636
1302528 5468.12176923
1306624 5226.14278947
1310720 5361.5001
1314816 3773.14414286
1318912 11255.563
1323008 1924.93969231
1327104 6944.7135
1331200 9111.63336364
1335296 4591.093
1339392 22947.59
1343488 13376.685
1347584 1661.84691667
1351680 2163.28782353
1355776 3364.835875
1359872 3524.02990909
1363968 8503.304
1368064 7412.84042857
1372160 10604.9536364
1376256 4341.15641667
1380352 5192.1007
1384448 1188.893
1388544 13982.4244
1392640 7085.41853846
1396736 3361.65320833
1400832 719.197166667
1404928 12124.8412222
1409024 2497.41275
1413120 5475.9889
1417216 7345.10513462
1421312 4455.82730435
1425408 1614.70252941
1429504 2158.74268421
1433600 6560.31446154
1437696 5390.72229412
1441792 6894.132
1445888 4971.540625
1449984 2589.20315385
1454080 2021.88925
1458176 4809.63025
1462272 10611.7207619
1466368 4196.99971429
1470464 5428.53388889
1474560 2138.23976923
1478656 32555.7464
1482752 15784.8792857
1486848 2049.00546667
1490944 989.470176471
1495040 3726.96081818
1499136 4484.41828571
1503232 8564.52833333
1507328 3851.1348125
1511424 3856.67233333
1515520 2255.96963158
1519616 2105.41971429
1523712 1981.04172727
1527808 12561.8555
1531904 6017.1648
1536000 1128.99266667
1540096 3760.11375
1544192 15449.6930833
1548288 9055.57942857
1552384 10291.6932308
1556480 13482.6683889
1560576 4599.36157143
1564672 2200.23657143
1568768 8143.11246154
1572864 20008.7208182
1576960 8684.4546
1581056 3084.4156
1585152 4566.88345455
1589248 3244.0146
1593344 9286.37114286
1597440 4220.75833333
1601536 13750.424
1605632 10004.70275
1609728 6446.3011
1613824 17782.3900909
1617920 8169.21166667
1622016 11992.1834286
1626112 5909.92191667
1630208 3040.44422222
1634304 1577.002
1638400 23437.5021429
1642496 29324.634
1646592 3160.441
1650688 3933.06625926
1654784 2538.95785714
1658880 5206.33128571
1662976 3741.19808163
1667072 5237.96566667
1671168 2845.11225
1675264 6775.3261
1679360 15417.2724444
1683456 7745.53333333
1687552 4754.89805882
1691648 5786.60214286
1695744 4507.07528571
1699840 3915.62316667
1703936 17249.3591429
1708032 3530.89085714
1712128 3650.62618182
1716224 10043.1513333
1720320 15629.45075
1724416 5436.10444444
1728512 4324.38958333
1732608 3838.410375
1736704 17559.51375
1740800 11720.0283333
1744896 6414.563125
1748992 4386.42453333
1753088 14650.3903077
1757184 4998.52855556
1761280 4722.64635714
1765376 7471.7436
1769472 3374.44944444
1773568 8557.5296
1777664 7451.08925
1781760 1330.039625
1785856 8119.46906122
1789952 6734.59166667
1794048 11432.3414286
1798144 13137.9021
1802240 5077.29607692
1806336 19255.9451667
1810432 23747.3186667
1814528 7803.32662963
1818624 7462.3902
1822720 3529.25741667
1826816 16808.1614444
1830912 1509.6269
1835008 11975.6304286
1839104 28095.3779
1843200 18325.5022831
1847296 5467.29029412
1851392 5221.85946154
1855488 9029.6
1859584 15725.7603077
1863680 11419.8038889
1867776 3611.12116667
1871872 2045.697625
1875968 12364.9874032
1880064 14252.0887273
1884160 4286.88845455
1888256 8124.6936
1892352 2507.82754545
1896448 16430.7533333
1900544 6482.55653846
1904640 6077.5592
1908736 9633.36951121
1912832 7131.16075758
1916928 9657.87415
1921024 14349.2946154
1925120 26658.0561818
1929216 7169.34872727
1933312 13040.42136
1937408 14285.332441
1941504 13055.6323023
1945600 16902.3303333
1949696 8189.97023529
1953792 21356.5736923
1957888 11848.5985625
1961984 4679.7743125
1966080 6706.07314286
1970176 14900.9800949
1974272 9606.54634091
1978368 3993.42247619
1982464 12220.817
1986560 9895.247625
1990656 7762.55905556
1994752 18383.9943636
1998848 8847.72245455
2002944 11618.9305241
2007040 23736.3146452
2011136 14896.8286
2015232 10459.95325
2019328 7046.8894
2023424 15238.36385
2027520 6374.9393913
2031616 7421.93370709