4096 1.49535110887
8192 2.52934038461
12288 3.48182305195
16384 4.76228284075
20480 5.70444151404
24576 6.32590557509
28672 7.47958015729
32768 10.2303320757
36864 10.216500401
40960 11.8086783439
45056 12.7791667388
49152 15.1940658608
53248 17.3853263342
57344 19.1087749604
61440 21.4533346883
65536 23.1858922678
69632 26.7020881867
73728 29.5275777738
77824 33.1170757919
81920 35.3738657513
86016 36.7700884956
90112 40.2466161011
94208 42.1371609833
98304 44.6882961609
102400 48.5286372443
106496 50.4226601467
110592 56.3103977273
114688 58.7430381232
118784 61.0676460768
122880 61.9092939245
126976 64.1603727121
131072 53.8446499596
135168 71.6168531856
139264 65.6621406728
143360 75.5866297578
147456 74.1562066421
151552 80.754229249
155648 85.6675982533
159744 91.5582956522
163840 87.3046373626
167936 88.3741348315
172032 89.5689113924
176128 86.4734306569
180224 106.705303704
184320 104.649324675
188416 111.524550725
192512 124.66578125
196608 110.599464567
200704 102.801609756
204800 120.315542857
208896 129.770133333
212992 144.446684211
217088 112.255290323
221184 108.369967213
225280 138.733387755
229376 143.161454545
233472 159.87768
237568 96.0618378378
241664 147.522148148
245760 129.665688889
249856 152.078666667
253952 146.651118644
258048 147.5958
262144 157.284691358
266240 170.845
270336 151.166222222
274432 173.142953846
278528 134.463414634
282624 241.760090909
286720 191.308914286
290816 167.187317073
294912 164.194482759
299008 185.279282051
303104 179.43325
307200 182.4285
311296 201.027404255
315392 179.803125
319488 196.680705882
323584 167.215384615
327680 202.656
331776 124.481333333
335872 163.278947368
339968 161.038363636
344064 167.2352
348160 209.4062
352256 197.329
356352 224.411578947
360448 176.0885
364544 295.916727273
368640 281.874782609
372736 166.843555556
376832 220.012285714
380928 273.839555556
385024 231.345428571
389120 199.109777778
393216 259.514823529
397312 237.039272727
401408 179.339666667
405504 145.067555556
409600 195.1
413696 265.706896552
417792 203.492222222
421888 341.6336
425984 236.793176471
430080 299.917538462
434176 406.784761905
438272 200.6566
442368 309.472909091
446464 304.049428571
450560 296.824705882
454656 286.436
458752 238.43
462848 341.352857143
466944 343.24
471040 486.922181818
475136 212.090666667
479232 228.223777778
483328 487.572470588
487424 227.710285714
491520 285.766571429
495616 204.9505
499712 256.644
503808 328.456571429
507904 225.876235294
512000 279.281333333
516096 266.666
520192 314.435142857
524288 376.845391304
528384 237.810461538
532480 546.188
536576 440.988727273
540672 257.16825
544768 360.502769231
548864 407.796
552960 300.101333333
557056 321.91744
561152 420.029894737
565248 781.0045
569344 352.266
573440 315.253
577536 331.754666667
581632 459.711
585728 235.1504
589824 256.426333333
593920 391.6515
598016 263.5328
602112 527.834666667
606208 425.086333333
610304 277.8895
614400 215.1735
618496 271.863272727
622592 327.1672
626688 424.344533333
630784 296.453066667
634880 376.486666667
638976 392.568666667
643072 321.29
647168 491.710909091
651264 322.95275
655360 444.760285714
659456 276.322857143
663552 579.308
667648 254.734
671744 398.467
675840 498.469142857
679936 438.138714286
684032 460.088521739
688128 395.332
692224 629.6168
696320 292.9208
700416 463.946
704512 427.608444444
708608 424.849333333
712704 271.987
716800 845.729333333
720896 531.944
724992 281.985714286
729088 470.753714286
733184 509.5865
737280 488.208666667
741376 625.139
745472 446.506909091
749568 369.115333333
753664 522.592
757760 499.6145
761856 662.8884
765952 686.271428571
770048 382.9172
774144 486.685333333
778240 598.4024
782336 432.875
786432 611.105230769
790528 417.636
794624 472.786545455
798720 628.3236
802816 542.606588235
806912 565.402666667
811008 417.929333333
815104 475.656
819200 973.0592
823296 1180.0912
827392 338.2748
831488 521.588
835584 639.345333333
839680 419.777
843776 1072.1616
847872 560.905777778
851968 845.1675
856064 312.1288
860160 560.4428
864256 328.994666667
868352 375.628
872448 485.268
876544 902.396666667
880640 594.067
884736 525.451333333
888832 698.396
892928 777.612
897024 935.172
901120 631.743333333
905216 966.333
909312 319.236
913408 703.8315
917504 382.806
921600 528.761684211
925696 505.7965
929792 597.403636364
933888 954.632666667
937984 570.622333333
942080 737.213
946176 841.652
950272 747.9016
954368 967.604333333
958464 748.481
962560 678.881333333
966656 314.748
970752 806.491428571
974848 492.870285714
978944 502.312
983040 521.058
987136 609.336
991232 460.986
995328 435.586
999424 450.9192
1003520 734.26
1007616 912.711
1011712 510.6624
1015808 525.534545455
1019904 443.2052
1024000 919.01
1028096 568.521142857
1032192 440.852
1036288 907.229714286
1040384 689.797
1044480 654.962666667
1048576 802.942941176
1052672 471.267272727
1056768 443.832
1060864 537.4075
1064960 670.090666667
1069056 493.284
1073152 423.463428571
1077248 591.016
1081344 704.268
1085440 519.694666667
1089536 568.316363636
1093632 775.198
1097728 546.191
1101824 602.954
1105920 487.931333333
1110016 430.758666667
1114112 391.104666667
1118208 678.3568
1122304 401.15
1126400 632.762
1130496 419.006
1138688 592.3144
1142784 713.4272
1146880 1096.3784
1150976 859.3176
1155072 949.266857143
1159168 321.904
1163264 818.0376
1167360 776.14
1171456 707.614
1175552 688.126
1179648 1466.472
1183744 504.0072
1187840 945.8584
1191936 915.646
1196032 523.72
1200128 296.02
1208320 933.604666667
1212416 575.23
1216512 437.244
1220608 659.961333333
1224704 699.2792
1228800 705.744571429
1232896 587.187
1236992 443.818
1241088 848.686666667
1245184 1905.428
1249280 1060.948
1253376 521.2
1257472 1790.292
1261568 773.8856
1265664 1011.9
1269760 999.100571429
1273856 411.288
1282048 736.256
1290240 2683.984
1294336 1148.41771429
1298432 1177.796
1302528 1200.868
1306624 2379.652
1310720 601.758666667
1314816 556.114
1318912 947.846
1323008 945.288
1327104 689.433333333
1331200 2529.91733333
1335296 658.17
1339392 865.938
1343488 523.664
1347584 666.106666667
1351680 964.814666667
1355776 723.294666667
1359872 529.1
1363968 704.204
1368064 767.546666667
1372160 1777.968
1376256 761.5992
1380352 1114.288
1388544 608.0
1392640 1673.168
1396736 645.976
1400832 1387.239
1404928 878.728
1409024 931.046
1413120 1241.941
1417216 1743.9192
1421312 1138.853
1425408 764.7608
1429504 882.337
1433600 719.492
1437696 1062.598
1441792 717.1272
1445888 652.314
1449984 1145.7816
1454080 676.992
1458176 735.008
1462272 1388.36171429
1466368 980.41
1470464 1035.8
1474560 1082.148
1478656 900.728
1482752 674.516
1490944 2371.158
1495040 1379.52133333
1499136 692.124
1507328 607.353333333
1511424 654.468
1523712 417.424
1527808 891.313333333
1531904 4235.956
1536000 683.482
1540096 1312.98584615
1544192 1112.028
1548288 2298.62
1552384 881.76
1556480 1698.796
1560576 1659.5
1564672 999.04
1568768 1810.764
1572864 1794.46
1576960 1563.232
1581056 1339.396
1589248 1283.68533333
1593344 1918.28666667
1597440 1087.044
1601536 3923.424
1605632 659.788
1609728 1065.376
1613824 486.844
1617920 469.084
1622016 1164.01
1626112 613.044
1630208 855.544
1634304 736.896
1638400 672.05
1642496 442.512
1650688 800.3472
1658880 1715.288
1662976 998.7745
1667072 1023.672
1671168 762.546
1679360 1008.856
1683456 578.578
1687552 658.364
1691648 2031.424
1699840 1041.02
1703936 556.758
1720320 2022.444
1728512 1020.56266667
1732608 543.772
1736704 1047.576
1744896 1323.384
1748992 2604.176
1753088 637.424
1769472 838.284
1773568 1584.292
1777664 1153.12533333
1785856 1826.46685714
1789952 507.548
1806336 1013.864
1810432 1468.524
1814528 514.868
1818624 2332.072
1822720 935.424
1835008 7312.068
1839104 1466.436
1843200 2209.7256
1855488 933.388
1859584 829.678
1867776 572.476
1871872 918.428
1875968 1770.2
1880064 4552.024
1888256 2201.212
1896448 1479.472
1904640 1907.1275
1908736 1561.0136
1912832 930.652
1916928 1732.912
1929216 1275.52
1933312 649.45
1937408 2511.1824
1949696 1469.736
1961984 1781.008
1966080 826.52
1970176 1258.9555
1974272 1049.27466667
1994752 635.28
1998848 685.264
2002944 2022.27133333
2007040 1773.326
2023424 3628.49
2027520 2168.44
2031616 1383.72163991