4096 1.65032248798
8192 3.06328639088
12288 4.77426915239
16384 8.15487704609
20480 11.4591988378
24576 13.3440250447
28672 16.6671435562
32768 20.2075785811
36864 11.9156337187
40960 14.1711981938
45056 15.9004679715
49152 20.7987670175
53248 25.4955627383
57344 32.2609971061
61440 37.8602473354
65536 54.1157784476
69632 141.376909192
73728 247.240268388
77824 300.592181639
81920 362.301162222
86016 330.023287653
90112 414.226688855
94208 640.179243684
98304 607.454017683
102400 401.497725743
106496 316.02828
110592 508.599710759
114688 482.9903625
118784 1144.65098085
122880 936.502606494
126976 399.428098649
131072 214.167848055
135168 1054.24266667
139264 764.965736585
143360 465.375685294
147456 338.6775875
151552 735.972396774
155648 413.321372
159744 772.244610714
163840 403.659113043
167936 1883.36344444
172032 2011.28186923
176128 932.323494444
180224 617.360844444
184320 489.12937
188416 1733.66896786
192512 818.562240909
196608 821.811347059
200704 1078.40661111
204800 621.666904762
208896 2064.2756
212992 462.49516
217088 334.879357143
221184 416.263275
225280 1169.74623333
229376 1274.54050667
233472 308.121185714
237568 876.62506
241664 397.478358333
245760 739.521818182
249856 1002.50875
253952 1623.93160588
258048 1450.73291538
262144 233.7968
266240 1949.60236364
270336 292.078742857
274432 1441.36502222
278528 415.7269
282624 367.402657143
286720 3054.7961
290816 791.546716667
294912 691.964014286
299008 1097.22658571
303104 801.786544444
307200 518.025454545
311296 920.409973333
315392 1453.19581818
319488 2692.14606
323584 3157.65653
327680 1247.98003846
331776 707.99035
335872 1147.7625
339968 629.0934125
344064 2252.212075
348160 352.964828571
352256 482.982057143
356352 2591.22593333
360448 434.076866667
364544 3196.18085
368640 2394.2626
372736 985.520433333
376832 496.98742
380928 1153.671
385024 2219.16807143
389120 613.55955
393216 618.510008333
397312 1710.99862
401408 2608.34991667
405504 5675.63828333
409600 628.28478
413696 379.8153375
417792 1296.7715
421888 3011.67955
425984 1599.801925
430080 1516.00842857
434176 573.044675
438272 3561.5387
442368 691.250472727
446464 923.053075
450560 434.56635
454656 796.7473
458752 1401.43432
462848 2330.303575
466944 3147.94028
471040 1570.06331429
475136 1198.40895
479232 731.979
483328 11966.6549
487424 2740.45318
491520 2893.58382857
495616 797.927857143
499712 978.99596
503808 1633.25424
507904 2572.79863333
512000 7047.6546
516096 2024.78075
520192 559.767366667
524288 1461.668275
528384 649.517525
532480 2760.29863333
540672 2615.61033333
544768 674.782542857
548864 3770.7795625
552960 846.96995
557056 1351.15202
561152 1559.53111667
565248 479.8938
569344 1311.81182
573440 1817.7433
577536 1589.53478
581632 1561.64495
585728 522.5143
589824 2503.91323333
593920 1757.10904
598016 1812.21101111
602112 314.1585
606208 1105.30145
610304 1298.83835
614400 3817.7729
618496 2182.5986
622592 2011.8324
626688 1435.18783333
630784 2504.09886667
634880 2394.5951
638976 2844.53213333
643072 7415.1095
647168 792.2413
651264 5633.87315
655360 1204.11381667
659456 862.1592
663552 25140.1914
667648 1955.08784
671744 4380.68605
675840 573.1406
679936 1213.938
684032 3403.76574
688128 999.7003
692224 718.5938
696320 3021.03245
700416 1676.4478
704512 530.1942
708608 4052.7369
712704 1299.82725
716800 1544.4105
720896 3789.1443
724992 1176.2152
729088 1424.3289
733184 754.31895
737280 841.018133333
741376 3404.7096
745472 1438.0472
749568 1781.8375
753664 1197.89105
757760 602.0325
761856 1765.74288182
765952 476.7839
770048 10669.4569
774144 620.568066667
778240 601.627575
782336 4096.37936667
786432 1288.12186667
790528 1498.87183333
794624 938.89101
798720 21310.5002
802816 4318.5177
806912 4928.8232
811008 1356.3408
815104 6133.3122
819200 1026.8846
823296 839.38645
827392 2882.21415
831488 5391.64325
835584 6203.8384
839680 1585.0577
847872 1024.0297
851968 7789.28275
856064 677.61235
860160 962.022833333
864256 6293.32495
872448 2801.46182
876544 6459.0834
880640 623.5761
884736 1324.7117
888832 2327.47264286
892928 839.443575
897024 6970.1592
901120 3399.75536667
905216 685.5666
909312 1114.1569
913408 1082.3748
921600 2832.78293333
925696 916.61285
929792 3391.50602857
933888 1121.69593333
937984 783.814
946176 5083.62283333
950272 9282.5844
954368 1560.1596
958464 5778.68115
962560 3555.18676667
966656 1614.6469
970752 678.32385
974848 4141.5135
978944 6688.90393333
983040 690.5722
987136 1048.40276667
991232 5133.024
995328 6969.50983333
1003520 1221.7354
1007616 1426.6708
1015808 3585.1948
1019904 1459.6487
1024000 1505.9004
1028096 2742.3817
1032192 781.2044
1036288 1326.4666
1040384 538.5159
1044480 1166.1799
1048576 2650.1401
1052672 1172.1379
1056768 816.29905
1060864 6402.5527
1069056 3255.2234
1073152 2238.065675
1077248 1919.0056
1081344 1366.27693333
1093632 1082.4758
1097728 4222.15705
1101824 5091.5604
1110016 6872.3251
1114112 8845.6754
1130496 2214.33915
1134592 544.7798
1142784 3659.39065
1146880 2105.9335
1155072 2315.1491
1159168 2304.5907
1167360 5157.4833
1171456 3014.6491
1175552 991.420766667
1179648 854.9462
1183744 810.0967
1191936 1266.9783
1196032 3828.8704
1204224 2917.87666667
1208320 4016.5074
1212416 1785.36166667
1216512 1433.2905
1224704 13232.6965667
1228800 1211.63265
1232896 1967.4378
1236992 9618.561325
1245184 4582.9987
1249280 1767.6777
1261568 1105.442
1265664 780.5588
1269760 9888.5111
1273856 2434.3983
1277952 1551.4241
1282048 773.3902
1286144 2388.5191
1290240 1210.89925
1294336 2913.3236
1302528 1330.4679
1310720 4495.343
1314816 9706.5381
1318912 1487.0334
1331200 3089.4615
1335296 3522.3807
1343488 9477.4986
1359872 2684.177
1368064 3162.71476667
1384448 1804.7511
1388544 1418.2502
1396736 8994.3144
1400832 14026.3052
1404928 16574.81085
1409024 1785.6067
1449984 795.85
1454080 3614.30415
1462272 849.1853
1466368 2499.1556
1474560 1505.851
1482752 8405.4251
1486848 3611.7226
1490944 2041.8723
1499136 1414.766
1507328 11575.1745
1515520 1439.8412
1519616 1115.1768
1536000 5202.3957
1540096 2194.8792
1572864 7618.491
1576960 1774.98
1581056 24730.2947
1589248 746.4739
1609728 1688.3666
1626112 1467.5607
1630208 8673.2787
1638400 11883.2139
1658880 1919.0245
1662976 5167.7754
1679360 3501.9026
1683456 5393.6442
1687552 3816.1462
1691648 1567.6347
1703936 9796.4806
1732608 4521.2784
1740800 22360.8885
1777664 4187.0005
1781760 13683.3478
1794048 11015.6785
1810432 3820.9772
1818624 10587.0296
1839104 3729.1224
1843200 3795.77335185
1859584 10701.63
1867776 10677.9407
1871872 2304.76355
1884160 5576.3999
1916928 4856.5158
1925120 2223.4062
1937408 4741.33369091
1945600 4059.2684
1970176 6593.8597
2031616 6168.93266471