4096 3.27188484775
8192 4.69025773104
12288 6.50002820932
16384 10.5792976523
20480 13.998270185
24576 16.281812577
28672 18.9976064278
32768 23.5261043475
36864 25.0337899359
40960 23.2196636307
45056 19.0258713256
49152 22.9019220779
53248 28.353956662
57344 33.8834085052
61440 36.9550826192
65536 53.7316679398
69632 110.584356109
73728 189.666069245
77824 256.534853851
81920 299.3675836
86016 357.601309515
90112 256.949194855
94208 377.656003974
98304 486.496371839
102400 476.959943446
106496 546.160409787
110592 317.108174089
114688 264.206302066
118784 460.969383962
122880 349.826431746
126976 338.0263875
131072 138.293931785
135168 585.153984848
139264 404.869796552
143360 739.262892857
147456 374.8707275
151552 820.348921875
155648 192.662771429
159744 552.500790476
163840 632.839716667
167936 743.356831818
172032 989.095841176
176128 1025.47654583
180224 827.035871429
184320 401.690571429
188416 248.543954545
192512 448.599047059
196608 554.9076
200704 1014.87096957
204800 771.7274
208896 879.874469231
212992 546.182788889
217088 1571.22191333
221184 205.814488889
225280 505.015275
229376 501.460407143
233472 1095.7687625
237568 1883.7377
241664 298.0384
245760 580.4254875
249856 515.34045
253952 657.208859091
258048 473.48107
262144 482.413435714
266240 1185.2411
270336 3075.7195
274432 1250.9325
278528 1272.788825
282624 446.05453
286720 360.774415385
290816 2386.91004444
294912 964.226018182
299008 176.92905
303104 406.107616667
307200 409.3221
311296 1039.46836429
315392 837.341714286
319488 1340.51521818
323584 524.023171429
327680 815.506136364
331776 1163.68251667
335872 3852.89994286
339968 1222.04432
344064 670.12754
348160 903.828171429
352256 968.51095
356352 446.69254
360448 2653.15818333
364544 760.021383333
368640 3253.336025
372736 2338.483975
376832 4527.98985
380928 2346.3371375
385024 545.42265
389120 567.22774
393216 1599.28441429
397312 815.28035
401408 567.0925
405504 1467.02095
409600 428.337955556
413696 820.111611111
417792 2428.6535
421888 1719.7175
425984 1533.42598
430080 1824.4481
434176 445.564483333
438272 1289.21695556
442368 1781.44758462
446464 525.098955556
450560 541.23089
454656 2998.06759
458752 895.596142857
462848 838.3875
466944 816.860285714
471040 1170.0345
475136 308.239166667
479232 961.07742
483328 709.198333333
487424 726.026466667
491520 906.46636
495616 1628.28902
499712 2135.367975
503808 928.60555
507904 1231.79868667
512000 443.74952
516096 1007.9006
520192 2270.3355
524288 1593.53708333
528384 948.31118
532480 5803.1678
536576 308.30535
540672 2298.28335714
544768 3814.86612
548864 3352.51326
552960 885.407228571
557056 4431.136075
561152 428.910975
565248 2132.61747778
569344 2653.08344444
573440 2095.61855
577536 1510.74743333
581632 1190.90101429
585728 2941.9141
589824 820.772844444
593920 1509.1495
598016 1533.3349
602112 897.684725
606208 1775.9485
610304 433.7754
618496 730.6663
622592 2777.72875
626688 2770.572475
630784 1525.97985
634880 2036.80716
638976 1592.8081
643072 1704.46585
647168 1408.845825
651264 1310.14566667
655360 1557.22906667
659456 456.9007
663552 880.647
667648 3166.092625
671744 1345.1278
679936 963.08187
684032 3036.428125
688128 615.729285714
692224 2486.4006
696320 3525.85906667
700416 728.877166667
704512 4307.36078
708608 5964.91598333
712704 1883.62654
716800 1208.93255
720896 859.2547
724992 563.834033333
733184 2520.8974
737280 5702.41965
741376 865.3954
745472 9715.8035
749568 2146.228475
753664 1207.29545
757760 1546.60505
761856 872.664264286
765952 569.2951
770048 752.9712
774144 1183.39156
778240 658.36335
782336 1283.52626
786432 784.5937
794624 3439.72828
802816 1533.05984
806912 1138.1694
811008 1039.6228875
815104 2198.8215
819200 1990.2637
823296 4355.8077
827392 3354.0998
831488 2486.8067
835584 2361.8691
839680 811.4137
847872 7055.66605
851968 6330.3895
856064 1207.64656667
860160 6471.30395
864256 7328.6414
868352 1652.1597
872448 1695.40435
876544 807.8238
880640 786.8577
884736 1109.091
888832 2331.51305833
892928 5967.6518
897024 825.3167
909312 1949.87784
913408 1350.99023333
917504 734.232525
921600 1859.98396667
925696 690.2882
929792 1481.06586667
933888 1856.74403333
937984 3255.6789
942080 10469.5341
946176 5906.05493333
950272 3373.1471
954368 875.8567
958464 1195.6145
962560 974.44745
970752 9368.4591
974848 7030.32805
978944 2632.9276
983040 663.7224
987136 1213.73576667
991232 3992.9001
995328 3805.23486
999424 2162.95976667
1007616 1996.7622
1011712 1032.04185
1015808 2127.17888333
1019904 1061.18845
1024000 771.8948
1028096 1254.1973
1032192 7269.29355
1036288 4805.327625
1040384 1657.089575
1044480 6485.9164
1048576 1576.96704583
1052672 5728.86135
1056768 2492.89643333
1060864 2617.33416667
1064960 1569.5095
1069056 892.0671
1073152 672.1207
1077248 1395.2274
1081344 3042.0788375
1085440 692.2248
1089536 2144.1007
1093632 4892.509
1097728 2523.856
1114112 2880.8672
1122304 971.7193
1134592 615.9752
1138688 945.9155
1155072 995.5783
1163264 1353.7098
1167360 4813.2648
1171456 1724.78946667
1175552 4279.356175
1187840 5144.417675
1196032 1969.0604
1200128 1214.6681
1212416 3657.74366667
1216512 8705.6162
1220608 986.7202
1224704 1379.92675
1228800 1131.188
1232896 1883.2492
1236992 2203.4815
1241088 1408.84305
1245184 2029.0646
1249280 2491.01325
1253376 2955.361725
1257472 3912.9512
1261568 2094.3463
1269760 2824.6335
1277952 1017.7567
1282048 805.67875
1286144 5980.8829
1294336 7252.0096
1302528 6099.75633333
1306624 1839.3063
1310720 9173.3774
1314816 674.6524
1318912 5827.592
1323008 6840.2448
1327104 1415.6048
1335296 1733.7665
1339392 1140.20965
1343488 2245.2506
1347584 582.016
1355776 1356.4032
1363968 3726.0325
1368064 2472.2915
1392640 6474.7677
1400832 4598.8623
1409024 1920.4906
1413120 764.0385
1417216 723.1188
1425408 5522.15035
1429504 559.0937
1433600 4495.3736
1441792 1990.4168
1445888 6581.51285
1454080 7804.9677
1458176 1503.38985
1462272 5767.865
1466368 772.3396
1478656 2255.3854
1482752 1866.944
1495040 869.3706
1531904 1151.4831
1536000 7324.22515
1540096 5551.87123333
1544192 4016.87985
1548288 1346.69335
1552384 3333.1353
1556480 3413.42396
1560576 2021.0238
1564672 1014.892
1568768 4990.0998
1572864 1212.951
1585152 3387.38955
1589248 2879.64296667
1593344 4159.39933333
1601536 2129.5878
1605632 14020.4647
1626112 2078.0923
1638400 8703.8634
1650688 5805.16145
1658880 12953.489
1662976 25378.4816
1667072 2867.8326
1671168 3570.2548
1679360 3771.0702
1683456 5581.8066
1699840 9278.1343
1716224 1618.8791
1732608 2607.28945
1748992 2549.2604
1757184 3389.9557
1761280 1226.311
1765376 2760.4164
1777664 689.3287
1781760 1676.55105
1785856 3635.8993
1789952 1641.7579
1802240 4217.9366
1806336 4287.4592
1810432 5090.6167
1814528 5053.9004
1818624 2090.5438
1822720 3696.5602
1839104 2612.832
1843200 5793.09477843
1847296 3050.32155
1855488 2072.802
1859584 6801.3307
1863680 6572.10165
1871872 1373.3967
1875968 3606.9389
1884160 1079.2592
1888256 13282.4862
1900544 8354.30355
1904640 3559.059175
1908736 4872.39635714
1912832 3082.29186667
1916928 1831.2168
1929216 2385.55215
1933312 964.3909
1937408 5196.19543333
1941504 4691.9046
1949696 827.9874
1953792 7050.0304
1966080 1890.0042
1970176 9915.27918
1974272 3891.2497
1998848 1240.3905
2002944 1606.16088333
2031616 4504.03072051