4096 2.35246951471
8192 2.79991711048
12288 3.21659838499
16384 3.74153447114
20480 4.70516659603
24576 5.00719780279
28672 5.41348931347
32768 6.2106152513
36864 6.40208924263
40960 6.97563029887
45056 7.63797014166
49152 8.47724930738
53248 9.880275
57344 11.7030845099
61440 13.4372342791
65536 14.2318499948
69632 16.9870766388
73728 18.8970073676
77824 21.1917719289
81920 23.4684719038
86016 23.47845581
90112 24.97522794
94208 26.3311803125
98304 28.3126200777
102400 28.262827379
106496 31.1369262774
110592 32.142529011
114688 32.3408774347
118784 36.7432801075
122880 36.7801934783
126976 40.8919888462
131072 41.8166796215
135168 36.6348880734
139264 46.8885780702
143360 46.7434989899
147456 45.4486802817
151552 41.7288591549
155648 49.1918240964
159744 43.8035921875
163840 47.6529666667
167936 55.2485859649
172032 49.0322125
176128 52.7062833333
180224 44.1062166667
184320 61.7331953488
188416 67.6247851064
192512 68.2933690476
196608 51.2745054054
200704 48.4964557692
204800 59.880075
208896 65.026625
212992 65.2253615385
217088 77.0043702703
221184 61.410232
225280 78.2954689655
229376 83.9999947368
233472 60.7105153846
237568 65.6321714286
241664 88.1228785714
245760 73.7803166667
249856 102.555945833
253952 100.003364
258048 54.2674
262144 91.6449636364
266240 69.9005647059
270336 56.0870888889
274432 52.98615
278528 84.8902357143
282624 83.25498
286720 72.9118214286
290816 76.8185866667
294912 87.4590909091
299008 108.603533333
303104 109.2782125
307200 84.88427
311296 108.079058824
315392 135.543893333
319488 113.945073684
323584 105.84985
327680 103.106633333
331776 94.01258
335872 76.4637909091
339968 104.079972727
344064 97.70883
348160 135.050585714
352256 97.3726444444
356352 171.8977
360448 107.0332
364544 120.336385714
368640 102.0002125
372736 121.373171429
376832 124.30658
380928 90.8023
385024 95.93844
389120 108.946922222
393216 138.2448
397312 120.206333333
401408 135.8633625
405504 111.057083333
409600 168.318555556
413696 126.7538
417792 92.32592
421888 250.330716667
425984 129.99884
430080 176.234916667
434176 168.3654375
438272 186.96544
442368 111.721425
446464 149.5814
450560 124.46965
454656 55.9084666667
458752 194.240366667
462848 133.17155
466944 133.9458875
471040 147.78005
475136 151.672416667
479232 154.1482
483328 289.125566667
487424 125.3296
491520 95.82265
495616 213.0468
499712 92.92966
503808 444.1933
507904 130.0722
512000 183.86575
516096 134.7707
520192 135.1529
524288 138.21845
528384 164.27625
532480 215.98445
536576 250.61418
540672 196.367533333
548864 136.84642
552960 196.23915
557056 206.011
561152 168.6941
565248 186.289666667
569344 285.1607
573440 150.488233333
577536 194.2994
581632 131.561066667
585728 174.25908
589824 242.763516667
598016 189.461775
602112 317.3101
606208 230.622733333
610304 369.2749
614400 150.863666667
618496 224.1629
622592 157.321833333
626688 177.039733333
630784 266.810775
634880 316.36305
638976 162.837475
643072 164.6909
647168 190.050533333
651264 240.714
655360 178.613975
659456 332.8217
667648 196.389
671744 187.3626
679936 258.00895
684032 168.068275
688128 178.89515
692224 230.826666667
696320 185.87806
700416 211.58655
704512 183.8624
712704 194.71295
716800 134.7957
720896 154.66335
724992 254.379
729088 178.2687
733184 254.5434
737280 253.134
741376 204.26985
745472 325.838233333
749568 229.0521
753664 482.8402
757760 322.107433333
761856 250.8875
765952 584.42105
770048 288.905
778240 122.3476
782336 662.1993
790528 238.99215
794624 368.2757
798720 354.80935
802816 316.405
806912 228.06742
811008 552.1417
815104 611.6811
819200 134.6301
823296 485.137
827392 220.1228
831488 377.0885
835584 248.8965
839680 196.4774
847872 898.2261
851968 485.935266667
860160 217.8434
864256 199.7521
872448 444.0664
876544 274.433866667
880640 275.5815
884736 247.62525
888832 275.961633333
897024 383.18905
905216 296.0428
913408 357.7155
917504 383.7079
921600 580.47
929792 449.558833333
933888 227.59425
937984 352.8295
954368 309.56955
958464 517.2444
966656 451.426
970752 234.9438
974848 178.43025
978944 312.3046
987136 1049.6379
991232 194.6515
995328 460.0282
999424 370.1831
1011712 323.0835
1015808 195.9216
1019904 436.8592
1024000 221.7172
1028096 395.0894
1040384 406.139275
1048576 326.3687
1056768 197.9332
1064960 396.258
1081344 255.3955
1097728 406.7768
1105920 445.7273
1110016 535.8737
1114112 477.9367
1122304 239.7541
1126400 218.574
1142784 344.2996
1146880 415.06965
1150976 276.7296
1155072 295.4855
1179648 671.907
1187840 244.1292
1204224 438.487
1216512 325.6453
1236992 301.2111
1253376 419.0314
1265664 485.25935
1277952 561.6655
1286144 220.148
1298432 425.374433333
1306624 416.44955
1314816 1115.9391
1335296 575.5096
1347584 761.0121
1417216 311.9759
1429504 357.2255
1433600 420.488
1482752 1013.5959
1486848 733.3465
1523712 1174.9621
1527808 472.9099
1556480 257.6454
1560576 429.82
1617920 652.5165
1662976 753.0265
1736704 468.4543
1814528 283.3845
1822720 722.7366
1839104 711.4208
1843200 485.0427
1855488 923.603
1871872 498.2077
1900544 1342.2376
1933312 750.0821
1953792 406.7102
1970176 595.6167
1982464 590.1844
2031616 893.714017391