4096 2.30605246824
8192 2.71401045084
12288 3.13238411766
16384 3.7890339973
20480 4.90677066595
24576 5.34735805581
28672 5.88308275505
32768 6.37819830395
36864 6.07870229008
40960 6.56731558669
45056 7.53925073529
49152 8.14001584158
53248 10.2350278746
57344 11.0505074627
61440 12.6254074915
65536 14.1037427043
69632 16.9377719288
73728 18.9649267928
77824 21.86401202
81920 22.2685498008
86016 23.9030703422
90112 25.0217957317
94208 27.0810818859
98304 27.3179470383
102400 31.4667679245
106496 34.262706383
110592 30.6490248175
114688 33.9514487395
118784 32.3901246753
122880 32.9386684211
126976 37.7406055556
131072 35.8251414095
135168 41.2095148936
139264 38.2550666667
143360 37.9203310345
147456 43.1704923077
151552 39.1654181818
155648 35.5881411765
159744 63.6919238095
163840 42.412448
167936 67.6915166667
172032 42.9713
176128 69.9280615385
180224 61.0626
184320 58.3249473684
188416 60.26618
192512 67.2200166667
196608 51.0566333333
200704 77.7445684211
204800 63.8532333333
208896 76.2905
212992 87.0513866667
217088 67.6968
221184 78.0685882353
225280 51.66895
229376 86.7311111111
233472 78.1441714286
237568 72.6684
241664 67.4762857143
245760 96.6077666667
249856 70.0614222222
253952 51.82168
258048 101.07184
262144 59.6033666667
266240 78.8376888889
270336 76.726
274432 79.7901777778
278528 85.2907428571
282624 68.28715
286720 55.2988
290816 88.7958666667
294912 64.3982909091
299008 102.59135
303104 124.463127273
307200 96.5882
311296 63.2785333333
315392 84.0332
319488 86.7825538462
323584 80.15036
327680 155.907733333
331776 140.570133333
335872 147.057155556
339968 90.2874666667
344064 119.128266667
348160 76.3832666667
352256 74.6341
356352 148.227333333
360448 134.026266667
364544 127.25984
368640 33.6314
372736 134.382514286
376832 97.2448
380928 122.88475
385024 173.2595
389120 156.8872
393216 124.1608
397312 72.5177454545
401408 132.297
405504 130.8496
409600 154.2016
413696 118.105485714
417792 128.2681
421888 135.436036364
425984 43.3248
430080 161.56368
434176 97.2172
438272 107.976044444
442368 126.914577778
446464 157.744355556
450560 76.42455
454656 124.178222222
458752 114.294285714
462848 164.158133333
466944 125.6416
471040 66.4478
475136 155.20416
479232 101.4868
483328 165.85616
487424 145.50496
491520 125.12248
495616 118.4243
499712 103.260533333
503808 100.1292
507904 141.499476923
512000 95.018
516096 301.5253
520192 357.2428
524288 218.883066667
532480 300.807333333
536576 126.006666667
540672 104.746
544768 166.5716
548864 119.139466667
552960 186.00104
557056 282.5469
561152 171.924666667
565248 139.127566667
569344 93.0952
573440 132.8087
577536 331.9192
581632 183.306
585728 177.6748
589824 182.819866667
593920 116.93
598016 217.7124
602112 144.7577
606208 161.4956
610304 135.342933333
614400 200.724133333
618496 193.0624
622592 173.0207
626688 199.669657143
630784 230.8128
634880 271.60185
638976 273.226266667
643072 130.2235
647168 377.6226
651264 152.0317
655360 135.543733333
663552 641.4204
667648 205.4908
671744 267.78435
675840 148.872666667
679936 192.429733333
684032 179.79996
688128 177.244533333
692224 185.536133333
696320 91.7756
704512 256.764
708608 187.1831
712704 182.2888
716800 237.681
720896 417.3536
724992 869.4154
729088 254.1848
733184 496.852666667
741376 287.58952
745472 251.1328
749568 66.3288
753664 98.537
757760 206.59256
761856 194.99392
765952 66.7412
770048 237.041
774144 193.1336
778240 243.4828
782336 134.751466667
786432 330.605733333
790528 70.1792
794624 214.4188
798720 248.0548
802816 201.3984
806912 362.1916
811008 215.1432
815104 142.778
819200 128.008
823296 250.3848
827392 71.3856
831488 116.76
835584 160.2224
839680 193.1182
843776 200.4156
847872 182.2166
851968 188.2712
856064 188.9884
860160 344.9982
864256 308.0336
868352 214.1107
872448 227.0528
876544 136.3728
880640 106.2574
884736 399.1688
888832 321.1868
892928 255.3944
897024 220.358
901120 628.1244
905216 198.1211
909312 136.9172
917504 316.7996
921600 276.4794
925696 212.2796
929792 485.0456
933888 341.3074
937984 85.0292
942080 189.2794
946176 137.0308
950272 331.7642
954368 312.428533333
958464 215.738
962560 202.2382
966656 212.64776
970752 83.0688
974848 386.1102
987136 281.314533333
995328 234.9858
1003520 336.1924
1011712 213.5788
1015808 326.2913
1019904 459.3736
1024000 299.0804
1032192 203.8348
1036288 150.972
1040384 270.498
1044480 209.8308
1048576 324.99186
1052672 181.8251
1056768 609.8084
1060864 354.8548
1064960 265.267066667
1073152 223.0914
1077248 231.3464
1081344 321.8002
1085440 209.8756
1089536 515.7133
1093632 237.3808
1097728 322.5552
1101824 481.786266667
1105920 346.4124
1110016 291.534133333
1122304 171.7656
1134592 687.876
1138688 342.2496
1142784 575.5488
1146880 222.208
1150976 337.2524
1159168 158.898
1163264 275.6854
1167360 334.7048
1175552 381.4334
1187840 269.6616
1191936 248.893
1200128 286.5856
1208320 400.0554
1212416 469.0704
1220608 481.2352
1224704 242.3734
1236992 688.9272
1245184 535.412
1249280 353.3136
1253376 378.148
1269760 340.2805
1277952 668.1784
1282048 196.764
1294336 353.2852
1298432 761.8962
1302528 439.7742
1306624 357.1228
1314816 341.9508
1335296 562.8714
1339392 351.4108
1343488 320.9832
1355776 329.863866667
1368064 223.3676
1372160 517.4598
1376256 339.2112
1396736 232.0608
1409024 345.1608
1417216 440.336533333
1421312 182.058
1425408 249.8368
1429504 772.86
1433600 520.088
1437696 780.4716
1445888 178.3708
1449984 462.687466667
1462272 599.9528
1466368 353.7236
1470464 367.9408
1474560 463.5372
1486848 299.148
1499136 553.2084
1503232 510.811
1507328 719.7286
1511424 465.7428
1556480 862.1512
1568768 489.783
1576960 830.0732
1581056 387.8968
1585152 721.5136
1589248 203.3416
1601536 495.5236
1605632 310.1028
1609728 1231.0896
1630208 450.1224
1646592 552.9508
1658880 417.2168
1662976 315.1624
1667072 627.2856
1671168 1043.4796
1687552 638.9216
1695744 689.0228
1712128 645.421
1716224 509.2832
1720320 391.2846
1736704 2344.58
1753088 414.2094
1769472 324.4728
1773568 316.148
1777664 269.2328
1785856 390.9654
1794048 235.0988
1798144 364.8956
1810432 336.8108
1822720 411.2876
1843200 560.3652
1847296 336.8964
1851392 416.4612
1875968 528.6388
1908736 359.6164
1912832 568.1978
1933312 498.159333333
1937408 679.7505
1941504 507.6668
1957888 524.3224
1970176 535.8028
2015232 506.8728
2027520 540.258
2031616 590.713008