4096 0.827245343178
8192 1.19242296809
12288 1.55826220111
16384 1.9292144615
20480 2.31438926295
24576 2.56305026064
28672 2.93793053037
32768 3.42201989981
36864 3.94820275605
40960 4.479804396
45056 4.96111254753
49152 6.47589838823
53248 7.60670156144
57344 9.10419583137
61440 10.3642850998
65536 11.676419776
69632 13.3452849694
73728 15.0310493629
77824 16.566061504
81920 17.9374273924
86016 19.0134378214
90112 19.6923736097
94208 20.9886214742
98304 22.6118274326
102400 22.7453689459
106496 24.7783597846
110592 25.524284375
114688 26.8230295437
118784 27.4570983181
122880 28.813334212
126976 28.6155436081
131072 29.1212522868
135168 31.7884991334
139264 32.7800509804
143360 33.4533140143
147456 36.3588685714
151552 38.837785782
155648 36.9901601236
159744 42.6683014493
163840 39.3965163636
167936 39.2363551724
172032 39.4623727079
176128 39.1536279261
180224 45.1945008547
184320 42.992100241
188416 46.676386755
192512 45.9560216541
196608 49.1421094527
200704 48.4131090411
204800 49.9375473973
208896 50.6423187302
212992 55.1218140468
217088 61.0168555556
221184 56.2847661238
225280 54.885432967
229376 59.1510976
233472 56.2402995595
237568 59.5147662651
241664 56.5021675214
245760 60.7670038462
249856 64.5451428571
253952 61.1387791165
258048 77.2686765957
262144 69.0506229008
266240 73.6940208333
270336 69.8367395349
274432 63.8781229268
278528 72.7212423529
282624 75.8639955801
286720 72.418291358
290816 74.4133192053
294912 69.8719046358
299008 75.9059354839
303104 68.5582133333
307200 73.134662069
311296 81.075501355
315392 81.221716129
319488 75.0281433526
323584 90.73594
327680 78.368304
331776 88.5287424
335872 96.336452459
339968 90.9585742574
344064 84.648184127
348160 86.3901514563
352256 100.189405217
356352 95.8331226891
360448 104.836386813
364544 102.436161798
368640 101.187071605
372736 88.7261066667
376832 101.311294118
380928 103.065881481
385024 105.592129524
389120 103.624921739
393216 103.772577778
397312 126.054417778
401408 99.5885075269
405504 107.991657143
409600 106.260223529
413696 115.560621176
417792 108.53655
421888 139.007303226
425984 114.486232258
430080 120.1890875
434176 131.254134579
438272 123.611945205
442368 124.920768504
446464 129.579636364
450560 134.842427586
454656 140.199366234
458752 110.110670423
462848 140.934831746
466944 134.747894118
471040 144.173101639
475136 123.787686275
479232 127.301826087
483328 146.756581818
487424 123.977410909
491520 153.897866667
495616 138.04752
499712 126.528703448
503808 172.159027451
507904 134.167034921
512000 133.517485714
516096 137.945053659
520192 153.369028571
524288 144.663316667
528384 135.89195102
532480 143.9157
536576 155.603816667
540672 149.501390164
544768 142.745442857
548864 147.552953191
552960 152.26052766
557056 148.590694118
561152 148.218375758
565248 152.814075949
569344 170.841628571
573440 125.705791304
577536 187.885429787
581632 188.814057143
585728 172.77116
589824 169.436754286
593920 170.679665116
598016 177.932364912
602112 177.964987234
606208 169.150933333
610304 163.78825
614400 203.692756757
618496 181.619278049
622592 170.59
626688 193.088363636
630784 174.38562
634880 175.26125
638976 176.217725
643072 217.527117241
647168 182.919311628
651264 165.835741935
655360 176.161644444
659456 171.927753846
663552 183.119725
667648 189.793073171
671744 220.247670588
675840 181.998875
679936 187.742469231
684032 167.519853521
688128 164.426778182
692224 193.037242857
696320 185.644502326
700416 198.379626667
704512 197.639022222
708608 206.6736
712704 204.84035122
716800 164.214272
720896 205.432666667
724992 208.810369231
729088 171.642514286
733184 252.558208
737280 194.001544828
741376 210.64796
745472 223.247870968
749568 234.033896296
753664 256.039490909
757760 250.776622222
761856 204.196956098
765952 202.328032
770048 216.671826087
774144 220.222847059
778240 200.370933333
782336 182.32043871
786432 212.3884
790528 217.362857143
794624 241.000374194
798720 195.113542857
802816 213.753386139
806912 231.488012698
811008 241.113777778
815104 209.309433962
819200 218.217146667
823296 251.964072727
827392 246.916225
831488 252.541875862
835584 230.494844444
839680 268.392460606
843776 209.8808
847872 309.65144
851968 226.789718519
856064 255.561252174
860160 215.095238095
864256 252.836875
868352 192.676904348
872448 239.907527273
876544 226.9938
880640 266.669858065
884736 246.431626667
888832 198.019927273
892928 231.918442105
897024 234.402333333
901120 222.885147826
905216 268.485418182
909312 255.218989474
913408 289.438044444
917504 237.81076
921600 249.819011765
925696 250.452390698
929792 292.101162264
933888 253.87186087
937984 241.473883871
942080 272.094826667
946176 276.282290909
950272 271.44872
954368 198.8608
958464 228.393786667
962560 282.661557895
966656 316.740744828
970752 262.993733333
974848 251.730727273
978944 248.938971429
983040 270.267576471
987136 296.274074074
991232 240.491529412
995328 303.506208
999424 363.803766667
1003520 246.240966667
1007616 333.302971429
1011712 333.144
1015808 286.749540741
1019904 299.765852632
1024000 307.156329412
1028096 286.720066667
1032192 292.732051613
1036288 291.307348148
1040384 333.126063158
1044480 358.843957895
1048576 299.614092632
1052672 336.654378378
1056768 272.629866667
1060864 246.541718519
1064960 304.1634
1069056 355.847529412
1073152 310.396145455
1077248 270.7859
1081344 249.600752941
1085440 321.009309091
1089536 294.794218182
1093632 270.904104348
1097728 307.763789474
1101824 369.401333333
1105920 310.781938462
1110016 319.5847
1114112 333.93676
1118208 315.840872727
1122304 294.783261538
1126400 347.927952941
1130496 364.368757895
1134592 295.59024
1138688 352.8724
1142784 262.390145455
1146880 419.428254545
1150976 305.595294118
1155072 293.985371429
1159168 348.433288889
1163264 328.778276923
1167360 372.76425
1171456 321.201846154
1175552 313.182126829
1179648 308.383776
1183744 298.501555556
1187840 269.059073684
1191936 339.116
1196032 325.295927273
1200128 298.3897
1204224 275.523257143
1208320 299.353835294
1212416 262.236369231
1216512 288.622588235
1220608 345.30975
1224704 416.571885714
1228800 354.93032
1232896 365.62912
1236992 313.65472
1241088 408.711054545
1245184 441.517314286
1249280 321.165415385
1253376 325.028
1257472 453.491446154
1261568 289.0908
1265664 367.262755556
1269760 309.217753191
1273856 368.393013333
1277952 281.415626667
1282048 507.113066667
1286144 295.35695
1290240 410.274584615
1294336 362.439985185
1298432 392.382506667
1302528 301.010836364
1306624 313.93376
1310720 345.726981818
1314816 416.9376
1318912 362.135388235
1323008 335.742755556
1327104 373.794514286
1331200 384.212857143
1335296 357.7774
1339392 433.568533333
1343488 339.8824
1347584 439.458472727
1351680 355.821295238
1355776 465.32384
1359872 571.142836364
1363968 357.4464
1368064 404.323345455
1372160 423.6164
1376256 366.56372
1380352 338.027781818
1384448 419.28656
1388544 541.33568
1392640 403.773963636
1396736 413.3272
1400832 344.77405
1404928 425.34544
1409024 384.872114286
1413120 621.037244444
1417216 394.190655072
1421312 339.814816
1425408 349.16456
1429504 437.137894737
1433600 409.01232
1437696 380.471333333
1441792 373.064355556
1445888 387.669852632
1449984 382.027933333
1454080 328.069422222
1458176 372.34448
1462272 463.401133333
1466368 311.849333333
1470464 405.328861538
1474560 369.306933333
1478656 422.172
1482752 385.919771429
1486848 477.449866667
1490944 341.82975
1495040 473.6039
1499136 422.528622222
1503232 337.242971429
1507328 572.264945455
1511424 305.4056
1515520 429.799466667
1519616 483.108727273
1523712 391.327612903
1527808 610.23824
1531904 383.46
1536000 509.150773333
1540096 402.314695652
1544192 359.43996
1548288 379.011314286
1552384 503.326618182
1556480 475.82567619
1560576 379.407885714
1564672 362.441818182
1568768 481.868
1572864 331.071885714
1576960 358.7846
1581056 402.234981818
1585152 578.077028571
1589248 423.936266667
1593344 503.5296
1597440 534.844290909
1601536 454.9291
1605632 534.428685714
1609728 376.249714286
1613824 515.988
1617920 417.707
1622016 485.5496
1626112 389.960177778
1630208 450.729333333
1634304 492.967127273
1638400 462.4088
1642496 421.393942857
1646592 520.974533333
1650688 447.564412121
1654784 527.6544
1658880 436.712945455
1662976 394.722222222
1667072 386.956589474
1671168 439.880571429
1675264 460.9892
1679360 504.277422222
1683456 477.508847059
1687552 275.40128
1691648 521.272945455
1695744 461.031911111
1699840 749.1741
1703936 471.9412
1708032 397.35104
1712128 418.685963636
1716224 476.403
1720320 448.491815385
1724416 478.702933333
1728512 553.677688889
1732608 594.244088889
1736704 586.283111111
1740800 505.496622222
1744896 536.86496
1748992 627.8432
1753088 602.637828571
1757184 550.945371429
1761280 390.334666667
1765376 510.350533333
1769472 447.29696
1773568 592.5994
1777664 454.51535
1781760 458.333454545
1785856 472.760090141
1789952 739.878311111
1794048 507.272363636
1798144 539.549866667
1802240 411.117784615
1806336 485.062773333
1810432 525.575563636
1814528 561.838142857
1818624 723.98
1822720 467.1151
1826816 667.10368
1830912 387.67624
1835008 392.2818
1839104 691.181244444
1843200 602.216482883
1847296 483.4852
1851392 453.823333333
1855488 630.14736
1859584 508.118933333
1863680 469.133
1867776 653.774327273
1871872 643.23472
1875968 598.158117647
1880064 558.164380952
1884160 632.84304
1888256 500.3304
1892352 512.7299
1896448 711.431644444
1900544 419.1426
1904640 566.644714286
1908736 535.426356757
1912832 554.223733333
1916928 556.610293333
1921024 592.228
1925120 861.295490909
1929216 659.2738
1933312 547.82584
1937408 601.689037275
1941504 624.522068966
1945600 523.960142857
1949696 535.2224
1953792 506.7079
1957888 671.217933333
1961984 656.97544
1966080 545.5936
1970176 606.097162264
1974272 579.917804255
1978368 489.22225
1982464 591.071466667
1986560 483.8996
1990656 470.9728
1994752 744.71595
1998848 693.7236
2002944 573.774384615
2007040 482.640872727
2011136 570.8
2015232 493.91192
2019328 707.54816
2023424 535.588615385
2027520 474.981533333
2031616 522.717442994