4096 0.87987295897
8192 1.2909746726
12288 1.71230813273
16384 2.36387802246
20480 2.85192433116
24576 3.29290961086
28672 3.80255490811
32768 5.01684841851
36864 6.19398761468
40960 6.40549346991
45056 5.61193498623
49152 7.08946731707
53248 9.54460133511
57344 10.2378915888
61440 12.4032753392
65536 13.9844495869
69632 16.8646714637
73728 18.9350334868
77824 21.0433853484
81920 22.0049923454
86016 23.4808574091
90112 20.962623166
94208 26.1231966942
98304 29.5989090909
102400 31.7247183099
106496 28.0786246809
110592 28.7644389381
114688 31.9445873418
118784 33.0293850746
122880 32.786019802
126976 32.5207194245
131072 37.05626735
135168 37.2368271186
139264 41.771352381
143360 46.631902439
147456 43.5959333333
151552 37.7615384615
155648 51.7492571429
159744 40.4656
163840 39.0223714286
167936 62.8413473684
172032 58.30092
176128 51.2649090909
180224 66.5549090909
184320 80.7836952381
188416 55.651872
192512 55.6093913043
196608 50.9316571429
200704 54.2578947368
204800 60.3088470588
208896 51.2745818182
212992 61.93584
217088 86.6764923077
221184 51.2074
225280 52.51576
229376 65.3894769231
233472 57.5071529412
237568 57.6563692308
241664 69.9512666667
245760 60.0533
249856 64.7803764706
253952 59.74256
258048 73.8541333333
262144 55.9075555556
266240 84.3774
270336 64.6307
274432 99.1681
278528 138.0344
282624 73.1696
286720 55.9424615385
290816 88.2336
294912 88.0093333333
299008 89.8705066667
303104 83.082
307200 128.6896
311296 87.9879
315392 87.6852923077
319488 134.28275
323584 119.111893333
327680 175.694
331776 83.2852571429
335872 119.582763636
339968 73.6045333333
344064 79.2056
348160 129.259
352256 86.1014
356352 155.4396
360448 105.754666667
364544 99.6859636364
368640 115.9184
372736 72.3861333333
376832 91.804
380928 162.736914286
385024 149.835657143
389120 96.8430857143
393216 129.634577778
397312 91.0586666667
401408 140.12864
405504 153.04512
409600 152.733142857
413696 156.6608
417792 156.356533333
421888 102.5624
425984 100.196342857
430080 164.4973
434176 171.7936
438272 157.27584
442368 137.276
446464 147.895555556
450560 125.6254
454656 121.616
458752 164.252
462848 176.8104
466944 171.5005
471040 86.7053333333
475136 164.76704
479232 149.9728
483328 73.4933333333
487424 127.5548
491520 120.237333333
495616 183.38272
499712 224.008
503808 225.221142857
507904 159.171507692
512000 312.4892
516096 160.523428571
520192 201.006514286
524288 163.7484
528384 214.914971429
532480 159.9892
536576 179.4918
540672 186.729236364
544768 165.3088
548864 141.6856
552960 203.333
557056 258.472114286
561152 238.108
565248 148.8656
569344 195.198
573440 132.89088
577536 153.270666667
581632 163.673866667
585728 257.8944
589824 93.882
593920 125.8376
598016 226.959866667
602112 231.9808
606208 166.2704
610304 240.3352
614400 142.39328
618496 120.5388
622592 163.2586
626688 239.3556
630784 127.1102
634880 164.098533333
638976 266.663
643072 149.3944
647168 214.0234
651264 249.103466667
655360 308.174133333
659456 230.31536
663552 171.9732
667648 243.2714
671744 263.3286
675840 169.647466667
679936 199.813422222
684032 307.7806
688128 198.3156
692224 286.3168
696320 263.810857143
700416 296.505066667
704512 261.4968
708608 221.86912
712704 226.74432
716800 150.2096
720896 227.6912
724992 207.4624
729088 271.5468
733184 323.233
737280 277.97808
745472 372.875733333
749568 146.2136
753664 302.799866667
757760 314.0728
761856 231.8034
765952 210.504266667
770048 198.7272
778240 287.50448
782336 251.32176
786432 289.1584
790528 401.5936
794624 240.861142857
798720 111.7944
802816 281.339733333
806912 223.438666667
811008 276.6936
815104 253.237866667
819200 279.381866667
823296 292.0736
827392 290.5472
831488 252.57264
835584 169.972266667
839680 448.948533333
843776 255.574666667
847872 641.2272
851968 194.113828571
856064 377.5484
860160 163.4696
864256 238.376
868352 187.797
872448 416.4844
876544 354.7296
880640 270.132266667
884736 295.368
888832 347.606690909
892928 255.8208
897024 149.1428
901120 168.4128
905216 250.862133333
909312 281.028
913408 158.6824
917504 299.3256
921600 299.613
925696 435.289942857
929792 332.5404
933888 175.414
937984 415.801
942080 288.567733333
946176 719.8252
950272 387.7216
958464 233.772
962560 291.382933333
966656 183.5412
970752 232.0824
974848 406.808266667
978944 277.71552
983040 410.179733333
991232 307.10496
995328 295.556
999424 294.450933333
1003520 662.18
1007616 586.084533333
1011712 622.9188
1015808 312.5162
1019904 334.12
1024000 477.39552
1028096 376.3464
1032192 347.903733333
1040384 376.11552
1044480 303.6864
1048576 315.728980645
1052672 395.104
1056768 412.9264
1060864 439.4396
1069056 481.828
1073152 389.942133333
1077248 395.766933333
1085440 330.7296
1089536 570.9008
1093632 184.0488
1097728 370.1104
1101824 382.2272
1110016 536.7916
1118208 399.1108
1122304 233.286
1130496 288.766
1138688 362.9064
1146880 229.1984
1150976 231.1512
1159168 482.688
1163264 140.3392
1167360 310.7156
1171456 422.36304
1175552 334.7716
1183744 294.4172
1187840 526.6228
1204224 364.877066667
1208320 546.392533333
1212416 518.9548
1220608 391.3376
1224704 289.9728
1232896 253.190133333
1241088 442.9644
1245184 559.185333333
1253376 311.4616
1257472 574.1392
1261568 282.7936
1273856 441.4696
1277952 558.1584
1286144 470.6196
1294336 318.3128
1298432 200.3192
1302528 368.786133333
1306624 815.56
1314816 385.2032
1327104 380.658
1335296 449.551466667
1339392 332.9828
1351680 290.650933333
1355776 675.2556
1359872 551.4192
1368064 360.6576
1376256 679.2088
1380352 458.016
1384448 376.7376
1388544 374.0336
1392640 380.0504
1396736 531.2088
1400832 544.3864
1409024 258.0856
1413120 311.38
1417216 161.4992
1425408 546.253333333
1429504 548.799885714
1445888 367.2604
1449984 368.068
1454080 226.5696
1458176 775.8384
1462272 398.2744
1470464 678.1712
1490944 213.7672
1499136 498.5544
1503232 708.7128
1507328 334.6584
1511424 511.1104
1515520 470.484
1523712 348.5872
1536000 183.8752
1540096 695.8428
1544192 359.7976
1548288 380.18
1556480 575.861333333
1572864 437.6896
1576960 271.8944
1581056 293.5448
1589248 444.5536
1597440 490.6032
1613824 415.3428
1617920 415.0976
1622016 549.08224
1626112 482.742
1630208 556.196
1638400 349.2312
1646592 422.3216
1654784 444.5264
1662976 336.2176
1667072 1231.4728
1683456 613.86224
1687552 634.5792
1699840 334.8888
1703936 347.0288
1712128 447.2992
1716224 775.8856
1724416 485.2412
1740800 693.256
1744896 431.2784
1748992 407.7848
1757184 797.2272
1761280 633.1984
1765376 512.6616
1777664 649.1908
1781760 391.9672
1785856 547.68544
1789952 332.3296
1794048 424.8392
1798144 893.6808
1806336 717.4112
1810432 401.0232
1814528 547.6764
1818624 619.2752
1822720 803.032
1826816 390.58
1830912 508.836
1839104 296.1704
1843200 750.953011765
1847296 415.702
1855488 773.3008
1867776 603.7888
1871872 365.5724
1875968 649.486742857
1880064 585.8088
1904640 505.5544
1908736 647.896266667
1912832 481.288
1916928 364.64
1921024 870.9512
1925120 683.8128
1933312 993.932
1937408 711.409081081
1949696 349.4232
1961984 601.2248
1966080 576.4088
1970176 588.336888889
1974272 456.552533333
1990656 509.0256
2002944 454.434133333
2007040 564.4624
2019328 493.948
2023424 424.242666667
2031616 667.578120635