4096 2.26823347512
8192 2.63010750533
12288 2.98319300043
16384 3.38549577351
20480 4.48635662538
24576 4.70798948793
28672 5.15539060275
32768 5.65602167488
36864 5.99248061082
40960 6.36386856899
45056 6.72145742996
49152 7.02074992722
53248 7.52942779523
57344 7.8268541358
61440 8.31319041591
65536 8.40832807935
69632 8.93684574984
73728 9.32642632942
77824 9.92495224594
81920 10.2843676514
86016 10.6023340309
90112 11.1058010009
94208 11.4172639734
98304 12.276760615
102400 13.1520163946
106496 13.7874104254
110592 13.3396384384
114688 13.4504166094
118784 14.7594177381
122880 15.124369635
126976 14.7125613115
131072 17.0096513793
135168 16.4099184652
139264 15.6786166667
143360 16.4568097473
147456 18.0080237037
151552 19.8313524
155648 17.9569653153
159744 18.9755980676
163840 17.7287835979
167936 18.3394981707
172032 19.200833908
176128 22.5529457746
180224 21.9718670807
184320 21.1961959732
188416 21.6528871508
192512 21.1116521739
196608 22.5661011628
200704 21.2625142857
204800 23.9196528302
208896 25.6506338235
212992 24.8917025974
217088 24.1334578947
221184 23.5539568182
225280 23.333105
229376 25.3326625
233472 29.8056652174
237568 25.9628938776
241664 27.4792137931
245760 26.0891115385
249856 29.8207976744
253952 30.003654902
258048 27.905012963
262144 30.742844
266240 28.0500888889
270336 30.6725526316
274432 33.94313
278528 33.410336
282624 27.0019411765
286720 32.4559416667
290816 37.3943679245
294912 40.6824710526
299008 35.0600555556
303104 35.7423545455
307200 37.0242513514
311296 37.8671847222
315392 36.1254480769
319488 40.7774351351
323584 34.6867813953
327680 34.8417833333
331776 37.9775241379
335872 39.8622967742
339968 37.4790608696
344064 37.92515
348160 31.8149333333
352256 32.0817529412
356352 47.5273
360448 40.0840045455
364544 39.1179
368640 42.4975411765
372736 40.1967363636
376832 37.0132833333
380928 43.38053
385024 47.0312
389120 46.5161444444
393216 40.175775
397312 40.2144
401408 53.2067384615
405504 56.3463714286
409600 40.4484571429
413696 41.2936647059
417792 47.52259
421888 42.94678
425984 53.0576714286
430080 43.3053583333
434176 44.9473702128
438272 59.4056575
442368 57.8731904762
446464 49.54832
450560 40.772
454656 48.9006333333
458752 43.395955
462848 41.7115875
466944 49.80389
471040 54.8323071429
475136 47.31552
479232 58.2565
483328 57.14008125
487424 56.9023416667
491520 43.00195
495616 56.4166625
499712 51.5722888889
503808 47.4486941176
507904 56.8016444444
512000 54.92617
516096 63.3545315789
520192 59.5117230769
524288 65.3038117647
528384 63.4315615385
532480 57.48442
536576 62.1364142857
540672 52.8816142857
544768 50.6568764706
548864 68.2995888889
552960 59.0278111111
557056 58.308637931
561152 66.67255
565248 78.0541823529
569344 54.4557454545
573440 70.5977555556
577536 71.7835470588
581632 60.8717
585728 73.3699833333
589824 73.1890333333
593920 71.4352266667
598016 98.7724909091
602112 73.9542416667
606208 58.0474545455
610304 74.726925
614400 86.213075
618496 58.26775
622592 69.0137428571
626688 74.0016555556
630784 67.25883
634880 64.3932944444
638976 62.4984692308
643072 69.5807818182
647168 85.3152
651264 79.3214333333
655360 76.7077875
659456 74.5789083333
663552 75.2149411765
667648 82.8225272727
671744 78.0869111111
675840 64.6156125
679936 84.437
684032 90.329915
688128 67.3038095238
692224 80.265605
696320 80.3779
700416 82.13902
704512 84.0866153846
708608 86.262895
712704 69.7407714286
716800 81.5486066667
720896 85.31735
724992 75.4825933333
729088 126.709933333
733184 71.4943285714
737280 95.5983857143
741376 98.37858
745472 90.0997857143
749568 97.1574272727
753664 64.50592
757760 88.2891428571
761856 76.0066375
765952 90.7784
770048 66.62935
774144 76.6896
778240 84.4184666667
782336 95.1219714286
786432 91.13865
790528 92.3882333333
794624 94.7493555556
798720 90.85986
802816 84.634269697
806912 104.691994737
811008 91.7659157895
815104 99.1356125
819200 96.9854416667
823296 93.45936
827392 83.8155833333
831488 87.9354230769
835584 100.537491667
839680 97.4030875
843776 89.05498
847872 105.334625
851968 84.001325
856064 73.675975
860160 96.0433857143
864256 115.244071429
868352 113.893507692
872448 101.378083333
876544 93.6923
880640 92.73915
884736 112.019033333
888832 102.767673684
892928 140.466516667
897024 95.5643357143
901120 96.917475
905216 133.538425
909312 99.0305875
913408 113.528175
917504 95.56326
921600 118.5193
925696 109.348559259
929792 100.736835294
933888 103.9030875
937984 99.3437411765
942080 122.3915
946176 113.15954375
950272 100.139375
954368 117.179684211
958464 108.541366667
962560 126.71203
966656 134.35885
970752 95.6016777778
974848 100.211628571
978944 125.322371429
983040 112.0534
987136 109.1583
991232 96.9042833333
995328 109.426675
999424 113.782825
1003520 96.6763
1007616 118.427284615
1011712 106.218055556
1015808 104.786891667
1019904 114.36737
1024000 146.1362
1028096 111.974411111
1032192 108.058916667
1036288 102.735675
1040384 121.441566667
1044480 94.10951
1048576 115.1315
1052672 128.019274074
1056768 130.228577273
1060864 113.198155556
1064960 120.718788889
1069056 122.301066667
1073152 112.393391667
1077248 123.592210526
1081344 127.286263636
1085440 146.641491667
1089536 157.994372727
1093632 128.059716667
1097728 139.822927273
1101824 131.6064625
1105920 122.0282
1110016 150.13315
1114112 224.8946
1118208 136.0412
1122304 163.156333333
1126400 112.171857143
1130496 117.454211111
1134592 160.550325
1138688 111.067214286
1142784 150.612111111
1146880 151.529541667
1150976 124.353275
1155072 147.931475
1159168 127.871988889
1163264 161.29618
1167360 100.028525
1171456 137.93436
1175552 142.678707143
1179648 149.91775
1183744 122.24932
1187840 177.714033333
1191936 166.561557143
1196032 131.74232
1200128 120.792955556
1204224 110.443283333
1208320 157.172633333
1212416 169.7564
1216512 160.6032
1220608 122.97622
1224704 120.370375
1228800 143.073457143
1232896 130.8491
1236992 159.5197125
1245184 145.0826875
1249280 138.17104
1253376 143.385416667
1257472 121.835085714
1261568 151.3119375
1265664 159.631777778
1269760 133.717414286
1273856 182.61358
1277952 147.244083333
1282048 176.5793
1286144 158.94444
1290240 157.88844
1294336 155.541759091
1298432 140.994717647
1302528 150.386866667
1306624 164.747227273
1310720 175.702133333
1314816 157.81488
1318912 158.555514286
1323008 132.147875
1327104 161.0965
1331200 126.21755
1335296 152.1755375
1339392 163.943442857
1343488 134.251633333
1347584 146.51216
1351680 134.42192
1355776 159.46676
1359872 126.746133333
1363968 146.970845455
1368064 115.400166667
1372160 203.20065
1376256 168.98605
1380352 141.740827273
1384448 186.8489
1388544 162.98705
1392640 150.803575
1396736 166.481745455
1400832 171.497175
1404928 151.405333333
1409024 174.835871429
1413120 202.2605
1417216 161.787373684
1421312 155.987076923
1425408 172.05335
1429504 171.983566667
1433600 195.5898
1437696 185.030836364
1441792 160.7743
1445888 179.075364286
1449984 146.883326667
1454080 159.2883375
1458176 190.49506
1462272 158.1035
1466368 205.6188
1470464 123.3192
1474560 174.69056
1478656 162.379288889
1482752 162.922716667
1486848 174.2325
1490944 194.34966
1495040 184.7432
1499136 179.54964
1503232 159.1278
1507328 214.2015
1511424 171.4891625
1515520 192.828028571
1519616 162.162525
1523712 171.142728571
1527808 213.763975
1531904 192.651357143
1536000 230.65922
1540096 201.27942
1544192 218.170663636
1548288 161.574
1552384 210.15315
1556480 201.932566667
1560576 157.62505
1564672 203.4513
1568768 168.3982
1572864 167.1418375
1576960 172.9257875
1581056 169.5606
1585152 247.591725
1589248 170.666833333
1593344 186.35545
1601536 172.1362
1605632 292.799133333
1609728 183.8777
1613824 287.1046
1617920 168.60015
1622016 192.982733333
1626112 175.687133333
1630208 293.451066667
1634304 194.2804
1638400 190.75555
1642496 218.5862
1646592 159.380425
1650688 200.377875
1654784 183.08982
1658880 173.939066667
1662976 196.540408333
1667072 192.2172875
1671168 247.69934
1675264 175.683966667
1679360 143.56165
1683456 198.849033333
1687552 274.7233
1691648 249.655042857
1695744 211.073983333
1699840 199.823266667
1703936 226.40246
1708032 240.20938
1712128 249.634522222
1716224 192.1047
1720320 177.783766667
1724416 203.5444
1732608 194.75838
1736704 252.04505
1740800 347.7188
1744896 168.44118
1748992 182.409633333
1753088 220.297133333
1757184 294.38268
1761280 190.43196
1765376 219.941975
1769472 162.39335
1773568 178.26015
1777664 220.825925
1781760 179.909425
1785856 212.355033333
1789952 190.62162
1794048 251.706471429
1798144 211.499425
1802240 260.599925
1806336 354.749075
1810432 250.18728
1814528 221.414713333
1818624 230.2449
1822720 192.35995
1826816 278.76204
1830912 228.73909
1835008 290.07275
1839104 221.48878
1843200 231.726443137
1847296 189.25518
1851392 219.741228571
1855488 203.660577778
1859584 240.12295
1863680 185.08715
1867776 265.957
1871872 264.416114286
1875968 164.843183333
1880064 211.704942857
1884160 192.513033333
1888256 263.76644
1892352 207.988033333
1896448 245.36968
1900544 284.8026
1904640 257.96001831
1908736 271.24025283
1912832 219.614292857
1916928 233.9058
1921024 270.788607692
1925120 232.880953846
1929216 219.116492308
1933312 225.122258824
1937408 233.1598425
1941504 240.0919
1945600 236.643830769
1949696 214.638742857
1953792 215.830282353
1957888 264.5221
1961984 230.54095
1966080 232.105533333
1970176 240.513568421
1974272 247.314107692
1978368 235.687575
1982464 227.05404
1986560 245.62540625
1990656 213.365983333
1994752 259.938591667
1998848 278.674381818
2002944 405.682993333
2007040 272.951875
2011136 224.145442857
2015232 223.86325
2019328 237.536954545
2023424 248.594407143
2027520 205.5407125
2031616 262.427768225