4096 2.31455137886
8192 2.71485018619
12288 3.10098564381
16384 3.54218108035
20480 4.4863433107
24576 4.76517947422
28672 5.16348245172
32768 5.70014514217
36864 6.05870336818
40960 6.595916
45056 7.25387514877
49152 7.8921749072
53248 9.58505713575
57344 11.0474343066
61440 12.0533798582
65536 13.67191912
69632 15.6726193258
73728 17.7772573719
77824 19.4396384728
81920 21.7143276278
86016 22.6183014758
90112 24.6178148774
94208 25.6767832518
98304 27.2338443377
102400 27.7918327586
106496 29.6358978506
110592 31.565840024
114688 33.0736810082
118784 35.3917427692
122880 33.9704796417
126976 35.3116968801
131072 34.988477436
135168 40.563010101
139264 40.2879806202
143360 51.6156148936
147456 44.4891952153
151552 44.4618027624
155648 52.4445782123
159744 50.2449280255
163840 57.3623272727
167936 54.8850256
172032 44.8898766423
176128 51.0974479339
180224 75.84485
184320 62.4372146067
188416 58.5088992754
192512 76.7546481203
196608 71.8926371681
200704 67.247978
204800 62.5882202247
208896 69.6877055556
212992 63.9486450704
217088 77.3386595238
221184 70.0171730159
225280 76.1631194444
229376 61.386776087
233472 68.2553745455
237568 72.6606047619
241664 71.6260018182
245760 84.833509375
249856 79.0470957447
253952 70.6137389831
258048 72.0866543478
262144 87.8060807229
266240 83.1166225
270336 113.717895238
274432 103.429965854
278528 99.037246875
282624 69.818225
286720 96.2924978261
290816 92.3721666667
294912 86.9182351351
299008 106.521596429
303104 89.8233178571
307200 80.1442266667
311296 76.5584959184
315392 96.0265222222
319488 117.030337255
323584 141.438727273
327680 100.824282759
331776 146.930226471
335872 109.311523684
339968 122.04085
344064 126.760317391
348160 112.335518182
352256 144.65502
356352 187.567138095
360448 100.361093103
364544 95.560765
368640 106.332421739
372736 93.7659235294
376832 117.895152381
380928 104.520466667
385024 137.797052632
389120 135.837907143
393216 142.378536111
397312 131.161164706
401408 98.2366238095
405504 108.260745833
409600 142.437172222
413696 108.747768182
417792 182.211388889
421888 194.152364286
425984 145.279990476
430080 158.013944444
434176 126.047789189
438272 117.651614286
442368 147.371568966
446464 193.545586667
450560 102.043767857
454656 178.192607143
458752 166.778927273
462848 193.307353846
466944 220.487230769
471040 134.450478571
475136 155.517045455
479232 126.802227778
483328 178.584846154
487424 126.524155556
491520 235.31961875
495616 192.611119048
499712 218.3916
503808 101.152225
507904 186.971012
512000 154.844341667
516096 176.203109091
520192 170.357886667
524288 179.044663158
528384 190.1582
532480 124.74588
536576 146.127508333
540672 163.392715385
544768 156.453392308
548864 171.46925625
552960 191.673775
557056 186.992655172
561152 141.356319048
565248 195.451095455
569344 159.121789474
573440 198.538766667
577536 217.883976923
581632 223.280988889
585728 122.698984615
589824 259.989355556
593920 122.5225
598016 211.54745
602112 197.1142625
606208 290.858166667
610304 186.5959
614400 154.161708333
618496 332.5182375
622592 233.3818
626688 243.74399
630784 195.469242857
634880 196.800095652
638976 274.795225
643072 160.8981
647168 204.23915
651264 152.103114286
655360 219.64
659456 311.91617
663552 210.157283333
667648 181.270735714
671744 221.2425
675840 269.364384615
679936 292.062453571
684032 284.197955556
688128 182.750528571
692224 193.85498
696320 170.95398
700416 210.710430769
704512 347.396911111
708608 213.943614286
712704 302.948715385
716800 199.009866667
720896 415.54606
724992 290.582053846
729088 310.41795
733184 201.9389
737280 249.77618
741376 171.9829
745472 240.267344444
749568 231.492690909
753664 289.26269
757760 211.142445455
761856 180.651919048
765952 273.180875
770048 321.364744444
774144 264.728491667
778240 224.3964
782336 339.469
786432 327.596657143
790528 336.2207
794624 209.987809524
798720 194.76515
802816 413.973754545
806912 389.264366667
811008 283.35948
815104 251.555766667
819200 520.500214286
823296 344.865636364
827392 348.707158333
831488 265.49883
835584 248.2700125
839680 274.076954545
843776 228.377257143
847872 269.9047
851968 440.75825
856064 354.076925
860160 225.676957143
864256 266.878922222
868352 200.947375
872448 327.9687
876544 208.59678
880640 288.410457143
884736 223.159775
888832 326.913594118
892928 364.263588889
897024 338.993881818
901120 311.867618182
905216 604.083925
909312 173.719325
913408 351.339566667
917504 280.2791
921600 246.142691667
925696 265.646929412
929792 259.4132
933888 351.287322222
937984 242.69534
942080 401.072557143
946176 199.904366667
950272 325.032366667
954368 466.291741176
958464 305.8912
962560 396.912085714
966656 333.586633333
970752 315.673
974848 388.886377778
978944 296.196728571
983040 328.244875
987136 289.980266667
991232 156.5797
995328 276.8581
999424 205.11775
1003520 552.21969
1007616 284.57192
1011712 485.0413
1015808 332.126857143
1019904 281.202083333
1024000 459.610816667
1028096 324.568566667
1032192 441.5344
1036288 238.866514286
1040384 306.46862
1044480 388.9439625
1048576 353.435913559
1052672 278.112575
1056768 418.0021375
1060864 495.0873
1064960 379.926375
1069056 415.2137
1077248 323.829125
1081344 295.1923875
1085440 411.7766
1089536 319.666633333
1093632 381.98742
1097728 322.121785714
1101824 298.31345
1105920 494.436475
1110016 401.160266667
1114112 273.562116667
1118208 345.0009
1122304 429.831471429
1126400 299.61426
1130496 397.1502
1134592 321.2555
1142784 540.815283333
1146880 375.901425
1150976 280.92525
1155072 416.0368
1159168 279.5941
1163264 352.2699
1167360 511.7764
1171456 355.54835
1175552 224.2733
1179648 441.0918125
1183744 367.197
1187840 549.34255
1191936 321.052475
1196032 328.2978
1200128 555.74
1204224 450.14805
1208320 172.0107
1216512 541.1388
1220608 236.552233333
1224704 320.7736
1236992 417.182888889
1241088 370.7188
1249280 644.4056
1253376 259.5874
1257472 482.390733333
1261568 601.9383
1269760 384.1086
1273856 262.4192
1277952 505.316066667
1282048 432.93175
1286144 646.2121
1290240 741.0943
1294336 423.039991667
1298432 394.81225
1302528 714.988
1306624 578.403633333
1310720 324.1966
1314816 759.41934
1318912 335.62565
1323008 434.9317
1327104 643.1875
1331200 529.35825
1335296 310.293233333
1343488 561.0245
1347584 112.5138
1355776 369.357733333
1359872 1457.5036
1363968 215.979
1368064 362.7079
1372160 209.49435
1376256 265.62135
1384448 176.7358
1388544 423.491733333
1396736 486.7642
1400832 399.760966667
1404928 466.36135
1409024 534.009525
1413120 233.5234
1417216 510.469214286
1421312 320.9554
1425408 620.5748
1429504 491.83886
1433600 564.090433333
1437696 445.44102
1441792 329.09845
1449984 607.96534
1454080 622.5752
1458176 516.6468
1462272 739.806733333
1466368 669.0915
1470464 286.1324
1474560 1284.12925
1478656 311.4025
1482752 389.32236
1486848 545.9045
1495040 351.0485
1499136 426.8051
1503232 290.8288
1507328 612.0038
1511424 384.232
1515520 223.77
1519616 634.822725
1523712 372.66435
1527808 422.597075
1531904 740.2355
1536000 752.31795
1540096 609.130975
1548288 751.34935
1552384 300.1927
1556480 470.5035
1560576 464.6075
1564672 479.0609
1568768 444.842833333
1572864 472.16025
1576960 466.64262
1585152 411.6629
1589248 1128.6872
1593344 346.2941
1597440 595.0201
1601536 913.142833333
1605632 431.8802
1609728 429.882
1613824 633.5851
1617920 581.9039
1626112 318.153
1630208 735.5711
1638400 557.72295
1642496 519.3103
1650688 419.727
1654784 516.2702
1658880 560.4859
1662976 751.12715
1667072 626.8425
1671168 990.5896
1675264 1000.033
1679360 277.1965
1683456 443.15965
1691648 417.2161
1695744 504.796
1699840 485.00645
1703936 411.863
1708032 656.9415
1712128 494.1438
1716224 598.58622
1720320 910.403633333
1724416 601.0178
1736704 255.8924
1744896 307.33605
1748992 477.431733333
1753088 638.3116
1761280 476.9627
1765376 527.0717
1769472 1291.31725
1773568 816.73025
1777664 483.4545
1781760 407.2809
1785856 371.388325
1789952 691.3049
1794048 393.4417
1798144 643.064
1802240 396.1562
1810432 592.892625
1814528 582.615514286
1818624 496.0632
1822720 357.9168
1835008 423.0745
1839104 2614.09095
1843200 725.181628571
1847296 514.34176
1851392 1183.3614
1859584 513.0672
1863680 1197.5006
1867776 485.045166667
1871872 1041.306
1875968 685.068546667
1880064 337.9621
1884160 342.3213
1888256 492.4998
1892352 765.78475
1896448 591.46355
1900544 677.515
1904640 1228.72616667
1908736 733.026082143
1912832 510.03918
1916928 1208.59505
1921024 872.2644
1925120 442.8275
1929216 429.150025
1933312 976.90265
1937408 735.184402439
1941504 639.9376
1945600 353.5798
1949696 392.15525
1957888 806.595
1961984 537.3974
1970176 835.3201625
1974272 524.899666667
1978368 584.7439
1986560 616.9716
1990656 503.7278
1998848 663.4471
2002944 480.936725
2007040 516.939766667
2011136 536.8151
2015232 467.52355
2019328 1350.656
2027520 546.53115
2031616 848.26575942