4096 2.30075822829
8192 2.69360190316
12288 3.05180032126
16384 3.43295664039
20480 4.48743328592
24576 4.73305843208
28672 5.11564745005
32768 5.52169396496
36864 5.98267876289
40960 6.43941828887
45056 6.9020021351
49152 7.55671758759
53248 8.34756711864
57344 9.55348664044
61440 10.4865039959
65536 11.6908834728
69632 13.3231947935
73728 14.7909567602
77824 15.9415730115
81920 17.1124602836
86016 18.0773212994
90112 18.926203995
94208 19.8234824119
98304 21.0503802167
102400 21.645281665
106496 23.5984153477
110592 23.5889410847
114688 24.6537297474
118784 24.5267044111
122880 26.5287580609
126976 28.3770718937
131072 25.3323693588
135168 30.4713883657
139264 30.2765723447
143360 31.9307634232
147456 30.4627777497
151552 35.0871164265
155648 32.9658861789
159744 36.1744052288
163840 37.2319572744
167936 37.7801497076
172032 39.3211102564
176128 38.8007074236
180224 40.4964771429
184320 40.4794023753
188416 42.5779851472
192512 42.8067541259
196608 49.1856183066
200704 46.2667488636
204800 46.7716328042
208896 46.3954528302
212992 50.0045757576
217088 51.7797797101
221184 52.4563592982
225280 47.379312253
229376 55.971145679
233472 56.9733248945
237568 60.4496735426
241664 54.966774026
245760 57.1195925234
249856 59.0334366972
253952 54.4689622951
258048 60.7105948187
262144 60.0983744361
266240 60.3544226804
270336 62.5781253012
274432 62.9953098039
278528 58.122550303
282624 56.3001642384
286720 70.360563522
290816 70.3511218045
294912 71.1821290323
299008 61.7135969231
303104 71.0523238095
307200 72.5736025974
311296 68.3664948052
315392 74.8196728972
319488 70.6695266667
323584 73.1786377143
327680 75.1090135338
331776 73.3076326531
335872 78.9696346457
339968 93.5319836066
344064 94.9014679612
348160 93.2869663366
352256 90.6107464286
356352 91.5781730769
360448 84.8767041322
364544 89.4447428571
368640 90.6967912088
372736 87.2912964286
376832 85.4650625
380928 94.0065430894
385024 88.9089863636
389120 93.9556519481
393216 89.1114206897
397312 89.2445831325
401408 97.7741298701
405504 103.183808955
409600 106.555468657
413696 100.428090909
417792 110.000682353
421888 100.238227586
425984 120.064069565
430080 108.303574194
434176 116.988536216
438272 107.096563889
442368 103.810307368
446464 98.3213190476
450560 100.782885714
454656 109.168382609
458752 112.188856338
462848 120.12799375
466944 127.02614
471040 123.5092
475136 121.938722581
479232 146.67457931
483328 133.637222642
487424 119.144724138
491520 132.265568
495616 127.334622222
499712 123.148924138
503808 115.691975
507904 114.754028571
512000 149.883963636
516096 110.832825
520192 98.8503490909
524288 134.341818182
528384 150.6648
532480 134.488
536576 155.503297297
540672 118.804196825
544768 147.50147451
548864 132.026926316
552960 128.102298182
557056 130.724622222
561152 134.242492308
565248 128.40262381
569344 145.319469091
573440 118.132677966
577536 131.402918919
581632 153.91762
585728 151.695511111
589824 148.784229508
593920 143.631912195
598016 168.775651613
602112 169.844316667
606208 159.0647
610304 147.168248889
614400 143.665092683
618496 185.340764706
622592 152.102986667
626688 157.00532
630784 171.612338462
634880 179.37846087
638976 156.743866667
643072 186.733282759
647168 135.282651429
651264 124.50363871
655360 159.120854054
659456 150.494855172
663552 136.124843478
667648 187.793616
671744 170.51092
675840 167.536090323
679936 143.734967442
684032 168.467064615
688128 167.235866667
692224 192.355741667
696320 149.46915
700416 165.389074286
704512 132.614755556
708608 168.136361905
712704 177.6607
716800 218.1196
720896 238.438728571
724992 204.077371429
729088 172.406742857
733184 190.93244
737280 176.843114286
741376 212.146905263
745472 206.995290323
749568 189.451366667
753664 189.407516279
757760 177.055574194
761856 172.322009756
765952 154.275584
770048 198.02334
774144 193.9198
778240 167.074208
782336 176.887329032
786432 145.416364706
790528 246.581368421
794624 200.495022951
798720 214.62365
802816 182.142193814
806912 215.833052632
811008 174.324817778
815104 224.065921951
819200 180.8159
823296 247.746983333
827392 192.953404444
831488 196.53793913
835584 279.087408696
839680 222.3266
843776 239.028
847872 215.185318519
851968 188.1586
856064 284.22736
860160 198.584706667
864256 217.796476923
868352 199.90682
872448 205.29997037
876544 192.156484848
880640 212.114
884736 213.818452174
888832 166.886642222
892928 219.79242
897024 184.496112
901120 231.247623529
905216 250.39192
909312 298.7967
913408 284.963346667
917504 192.757475862
921600 250.771364706
925696 221.402862651
929792 241.078337778
933888 236.13217
937984 213.819905263
942080 209.935430303
946176 229.671317647
950272 234.591466667
954368 195.075531429
958464 183.581406061
962560 188.194821053
966656 187.725724138
970752 206.870615385
974848 244.736
978944 304.533714286
983040 263.811043478
987136 353.88232
991232 292.873965217
995328 238.71646
999424 263.058916667
1003520 239.132714286
1007616 320.294780952
1011712 226.836715789
1015808 279.307476923
1019904 295.591857143
1024000 231.234246154
1028096 277.851664
1032192 237.870783333
1036288 249.856885714
1040384 211.121753846
1044480 273.611704348
1048576 268.135773262
1052672 242.556611111
1056768 266.202872727
1060864 263.7056
1064960 263.8868
1069056 271.209046154
1073152 237.9866
1077248 244.779873684
1081344 244.853314286
1085440 248.918666667
1089536 195.869569231
1093632 226.098008889
1097728 256.16
1101824 232.774092308
1105920 257.738141176
1110016 257.108643478
1114112 278.490938462
1118208 244.272542857
1122304 332.00824
1126400 363.107377778
1130496 261.959828571
1134592 217.819022222
1138688 299.374222222
1142784 231.108454545
1146880 208.36512
1150976 219.223825
1155072 403.016658824
1159168 381.256457143
1163264 268.334613333
1167360 351.452870588
1171456 305.849675
1175552 299.183290323
1179648 275.741568421
1183744 349.2467
1187840 304.120589474
1191936 402.318246154
1196032 238.198426667
1200128 298.035657143
1204224 375.979684211
1208320 286.66316
1212416 242.863044444
1216512 288.446933333
1220608 294.37296
1224704 341.059885714
1228800 257.300646154
1232896 299.270375
1236992 269.500618182
1241088 289.5525
1245184 376.625223529
1249280 282.2269
1253376 412.797876923
1257472 268.856142857
1261568 306.556
1265664 272.996164706
1269760 276.021016216
1273856 306.057854545
1277952 313.579415385
1282048 472.076763636
1286144 339.2608
1290240 325.605088889
1294336 346.57304
1298432 348.709727273
1302528 331.304676923
1306624 261.587852632
1310720 411.19908
1314816 371.5292
1318912 363.422121739
1323008 336.928523077
1327104 318.90076
1331200 389.375163636
1335296 288.135856
1339392 384.539781818
1343488 368.1456
1347584 283.6068
1351680 356.761552941
1355776 353.300375
1359872 280.9188
1363968 372.931781818
1368064 286.4942
1372160 328.346072727
1376256 259.545666667
1380352 378.99404
1384448 261.498866667
1388544 261.42432
1392640 312.146
1396736 338.2123
1400832 201.532466667
1404928 438.436266667
1409024 251.7847
1413120 446.0222
1417216 405.006430769
1421312 309.780278261
1425408 262.810423529
1429504 284.590336842
1433600 414.410338462
1437696 294.093529412
1441792 382.599466667
1445888 321.555216667
1449984 348.395753846
1454080 324.3548
1458176 364.017166667
1462272 451.965980952
1466368 428.4368
1470464 239.250977778
1474560 331.380953846
1478656 636.96808
1482752 286.766114286
1486848 315.37856
1490944 249.853694118
1495040 317.038509091
1499136 412.895942857
1503232 452.768746667
1507328 349.045525
1511424 318.679333333
1515520 333.688021053
1519616 434.614742857
1523712 301.415466667
1527808 316.0018
1531904 370.2216
1536000 268.795333333
1540096 322.456391667
1544192 504.887633333
1548288 435.049009524
1552384 336.388923077
1556480 493.324577778
1560576 471.650971429
1564672 417.158171429
1568768 353.613815385
1572864 498.275854545
1576960 397.6016
1581056 317.05136
1585152 450.035890909
1589248 353.71386
1593344 272.179257143
1597440 300.676933333
1601536 329.69484
1605632 541.7563
1609728 402.41536
1613824 493.916145455
1617920 425.510213333
1622016 571.182342857
1626112 323.709633333
1630208 429.753377778
1634304 315.6416
1638400 489.267657143
1642496 351.482533333
1646592 326.8689
1650688 339.787081481
1654784 346.319314286
1658880 254.563085714
1662976 362.204816327
1667072 406.7948
1671168 398.2441
1675264 517.71976
1679360 509.599377778
1683456 522.132911111
1687552 395.386682353
1691648 575.270971429
1695744 363.856628571
1699840 492.278866667
1703936 495.810457143
1708032 367.583142857
1712128 314.757090909
1716224 562.145466667
1720320 421.0533
1724416 425.504755556
1728512 444.3956
1732608 296.50615
1736704 391.5273
1740800 511.6242
1744896 458.1612
1748992 595.350453333
1753088 547.485569231
1757184 392.961466667
1761280 547.303542857
1765376 424.52584
1769472 402.999377778
1773568 821.07744
1777664 299.830366667
1781760 338.2347
1785856 409.983297959
1789952 554.343933333
1794048 393.623942857
1798144 653.35356
1802240 437.189169231
1806336 359.235
1810432 511.681666667
1814528 430.56717037
1818624 470.70652
1822720 446.95
1826816 497.216266667
1830912 310.07464
1835008 532.098057143
1839104 520.4286
1843200 566.290492584
1847296 498.214470588
1851392 385.608923077
1855488 499.474823529
1859584 413.268276923
1863680 428.158888889
1867776 458.941466667
1871872 394.57495
1875968 505.10723871
1880064 484.301781818
1884160 457.551163636
1888256 407.16224
1892352 451.696763636
1896448 509.6292
1900544 452.584
1904640 409.69585
1908736 490.977456502
1912832 492.676036364
1916928 627.43738
1921024 472.311384615
1925120 887.744036364
1929216 483.202109091
1933312 467.28688
1937408 525.749701354
1941504 472.878567442
1945600 554.6874
1949696 400.6992
1953792 517.858984615
1957888 508.7237
1961984 392.067575
1966080 486.030857143
1970176 537.521875339
1974272 521.160390909
1978368 469.971942857
1982464 446.218233333
1986560 496.814375
1990656 332.170666667
1994752 538.768072727
1998848 603.450036364
2002944 548.844822069
2007040 475.8544
2011136 522.307413333
2015232 581.74895
2019328 487.70336
2023424 384.90136
2027520 408.423373913
2031616 449.057829523