4096 2.24717050984
8192 2.64044293588
12288 3.02249536066
16384 3.45263856968
20480 4.43039783094
24576 4.70625255648
28672 5.0777806371
32768 5.54626795838
36864 5.95314702082
40960 6.49732693538
45056 6.89810182421
49152 7.50832282769
53248 8.32758851015
57344 9.83034638168
61440 10.364997914
65536 11.3610799699
69632 13.0029719751
73728 14.1994949412
77824 14.809209682
81920 17.040746367
86016 17.5727521161
90112 17.7100087751
94208 21.1354480769
98304 21.5639232614
102400 20.7427054054
106496 24.4599381974
110592 21.5622760784
114688 23.7669111111
118784 25.986364
122880 24.7990797203
126976 24.7198208202
131072 27.6183323796
135168 31.7202539683
139264 26.0701446809
143360 26.99443
147456 34.6253581395
151552 28.8051317073
155648 33.2494666667
159744 31.3304487805
163840 32.6785
167936 35.9722
172032 25.2243733333
176128 33.1128740741
180224 36.5949272727
184320 34.04208
188416 39.5412
192512 45.4789714286
196608 43.80435
200704 51.5391789474
204800 36.9184727273
208896 57.0427764706
212992 27.1427466667
217088 51.1876
221184 65.7611076923
225280 46.8587272727
229376 50.09245
233472 44.34484
237568 65.2508
241664 43.2752
245760 37.392
249856 68.6687
253952 50.4631428571
258048 57.4804
262144 47.0158461538
266240 48.2998285714
270336 51.1476
274432 65.3037454545
278528 66.9393333333
282624 60.99476
286720 56.9367666667
290816 57.5616307692
294912 48.72296
299008 74.4858
303104 51.208
307200 50.17352
311296 90.4636
315392 40.79135
319488 62.1952571429
323584 66.8314285714
327680 55.9623111111
331776 69.6952571429
335872 99.5565333333
339968 48.828
344064 88.76496
348160 57.6662
352256 32.0832
356352 59.596
360448 85.2288
364544 33.6172666667
368640 92.34144
372736 84.2012666667
376832 63.2328
380928 108.974733333
385024 90.55848
389120 52.3187428571
393216 61.3994
397312 96.0202
401408 73.9848
405504 89.1886857143
409600 117.6858
413696 76.8784
417792 79.9724
421888 95.3464
430080 66.379
434176 118.4039
438272 99.21955
442368 160.5478
446464 87.99256
450560 62.294
454656 81.6404
458752 94.3681333333
462848 109.4542
466944 154.7348
471040 130.718
475136 89.6215
479232 129.045
483328 86.1861
487424 70.5276
491520 123.627
495616 99.5928
499712 76.7954
503808 67.9756
507904 118.455266667
520192 90.0537
524288 133.2756
528384 168.8166
532480 102.7074
536576 117.5112
540672 155.299066667
552960 90.4351
557056 68.4244
561152 105.041
565248 132.1852
569344 135.846
573440 103.929333333
577536 97.6192
585728 103.8012
589824 106.3916
593920 111.2268
598016 109.946
602112 149.184
606208 112.411
610304 105.4556
614400 111.0406
630784 206.6734
634880 136.522171429
643072 110.1084
647168 91.78
659456 82.8666
667648 89.5138
671744 115.0024
675840 88.5336
679936 95.4724
684032 168.6728
688128 190.611066667
692224 89.6044
696320 116.2616
700416 92.4312
704512 167.6468
716800 98.3436
724992 201.4428
729088 63.2384
737280 180.0708
741376 186.6028
749568 206.9374
753664 156.1184
761856 136.8343
765952 123.546
782336 182.412
786432 258.6104
790528 153.3048
794624 136.1267
798720 153.7158
806912 165.9492
811008 239.3464
815104 160.7642
819200 187.2362
827392 90.7216
839680 123.9832
843776 135.9528
847872 180.738
851968 129.293
860160 128.5128
864256 181.7628
868352 173.8832
872448 126.2224
880640 195.96
888832 161.538466667
892928 320.614
901120 110.4876
905216 194.3689
913408 272.5832
917504 143.6752
921600 242.2044
925696 212.861466667
929792 474.494
933888 182.2004
937984 393.9012
946176 136.209
950272 201.7724
958464 135.4246
962560 222.9898
978944 197.938
987136 160.4202
995328 191.828
1003520 139.745
1011712 87.6404
1015808 200.8098
1024000 159.148
1032192 140.5228
1036288 234.8912
1040384 216.3612
1044480 310.3464
1048576 226.667244444
1052672 218.6398
1056768 201.1306
1060864 263.8668
1064960 275.8196
1073152 202.2156
1077248 266.394666667
1081344 201.711733333
1093632 203.194
1105920 311.7632
1114112 205.6828
1126400 230.1988
1146880 134.189
1155072 194.904
1167360 667.614
1175552 161.4828
1183744 263.9172
1196032 215.6408
1208320 301.2618
1216512 220.8944
1257472 165.2284
1282048 456.4828
1294336 203.9406
1302528 214.0534
1327104 299.3204
1331200 289.5628
1343488 428.298
1380352 179.7912
1384448 408.7076
1392640 300.2472
1400832 281.5724
1404928 324.8016
1417216 211.9504
1429504 208.7654
1433600 290.4428
1519616 256.6928
1536000 373.4174
1556480 302.0543
1564672 301.4704
1589248 410.7738
1601536 429.7108
1626112 424.6928
1683456 246.5108
1691648 391.196
1708032 452.9636
1716224 433.7228
1785856 343.997333333
1789952 223.2696
1802240 336.5928
1806336 274.8628
1810432 337.3424
1826816 345.5176
1843200 334.5303
1884160 287.0172
1925120 337.4758
1937408 383.52664
1970176 348.5212
1986560 785.1532
1990656 463.072
2031616 410.33084