4096 0.842134548454
8192 1.24288117051
12288 1.6351378316
16384 2.06642681957
20480 2.42278055556
24576 2.6830764906
28672 3.1155950937
32768 3.75449844574
36864 4.32546053567
40960 5.05033698854
45056 5.59551148045
49152 7.1283762279
53248 8.54617751464
57344 10.293164595
61440 11.4547921583
65536 12.9822961092
69632 15.1462941735
73728 16.9603926641
77824 18.9858033952
81920 20.7293082254
86016 20.7223999364
90112 22.7126993647
94208 23.9195928764
98304 25.7858925474
102400 27.453308244
106496 30.7684952569
110592 30.7332251185
114688 32.9747462986
118784 34.3543501618
122880 35.1691989583
126976 33.8872655766
131072 32.7842075246
135168 37.8910311475
139264 38.1467536885
143360 41.7993695
147456 40.9182497207
151552 46.8954326087
155648 40.4677407643
159744 46.2005238411
163840 47.6492224638
167936 49.05944
172032 48.5487653226
176128 50.7800295455
180224 57.6727346535
184320 48.983471134
188416 57.367002381
192512 56.5170159722
196608 58.3298239316
200704 59.0926042105
204800 69.7901
208896 51.3193139241
212992 69.6948234568
217088 67.0403693333
221184 61.1338792208
225280 59.7452671875
229376 77.3245910448
233472 72.9687060606
237568 78.0210839286
241664 66.819154
245760 52.2764285714
249856 77.1335029412
253952 76.9919507246
258048 91.8043288136
262144 87.2892880597
266240 64.9591542857
270336 64.8172688889
274432 94.2996974359
278528 87.7301959184
282624 85.8823318182
286720 96.0125809524
290816 87.5004451613
294912 75.0894678571
299008 82.212316
303104 98.5132744186
307200 79.153064
311296 100.48545102
315392 83.1523037037
319488 98.3246142857
323584 80.2837657143
327680 85.9914384615
331776 125.049923077
335872 91.5056333333
339968 130.27015625
344064 98.9191428571
348160 130.647002857
352256 113.351108696
356352 108.614346875
360448 119.3117125
364544 129.218288889
368640 107.745613636
372736 114.310884615
376832 113.010185714
380928 127.549719444
385024 101.91714
389120 111.147617647
393216 154.344359259
397312 130.98708
401408 117.164368
405504 90.70706
409600 121.000033333
413696 154.135632
417792 184.148344444
421888 152.15311875
425984 199.533414286
430080 166.590321053
434176 118.384535417
438272 174.626264286
442368 158.977966667
446464 142.824908
450560 157.029618182
454656 146.8734375
458752 141.718431818
462848 184.549426667
466944 113.411236364
471040 133.82971875
475136 144.908941667
479232 106.018213333
483328 153.94840625
487424 133.574794444
491520 200.673573333
495616 173.153509091
499712 169.664170588
503808 218.592652632
507904 148.529576
512000 143.765427273
516096 143.3283
520192 142.3727
524288 171.235015385
528384 140.19195
532480 240.758355556
536576 183.16337
540672 106.021991667
544768 177.8119
548864 155.22074
552960 228.04594
557056 184.323761538
561152 219.318731818
565248 162.662883333
569344 165.257607692
573440 164.769221429
577536 179.093106667
581632 207.539463636
585728 190.466578947
589824 150.297655556
593920 207.353630769
598016 179.32075
602112 122.360116667
606208 209.760291667
610304 273.4491
614400 159.930041667
618496 183.223491667
622592 278.642
626688 175.3766625
630784 173.745752941
634880 183.822052632
638976 299.483788889
643072 220.0590625
647168 184.859664286
651264 140.207785714
655360 183.452911111
659456 283.0591
663552 176.399985714
667648 203.048066667
671744 202.14034
675840 162.0083375
679936 272.454535
684032 215.699017391
688128 215.911807143
692224 247.93495
696320 196.27919375
700416 157.648622222
704512 375.062425
708608 188.050225
712704 214.68004
716800 158.301966667
720896 524.105666667
724992 226.3312
729088 235.4745375
733184 317.336675
737280 304.5183
741376 236.636014286
745472 283.081433333
749568 170.847844444
753664 344.197257143
757760 212.145822222
761856 264.43914
765952 213.39605
770048 141.51015
774144 272.91277
778240 241.456985714
782336 233.748466667
786432 230.63638
790528 224.904455556
794624 235.190038462
798720 347.01555
802816 331.579842857
806912 289.68285
811008 285.54989
815104 366.3806875
819200 235.205745455
823296 227.02414
827392 263.5738
831488 191.9638
835584 304.35818
839680 287.844233333
843776 248.020133333
847872 416.866957143
851968 244.28055
856064 406.12451
860160 269.05257
864256 204.722875
868352 294.5557
872448 226.194633333
876544 296.442183333
880640 289.533355556
884736 360.170677778
888832 478.855528571
892928 412.8147125
897024 300.583881818
901120 223.68506
905216 257.0336625
909312 291.583733333
913408 204.6989
917504 319.620375
921600 225.051936364
925696 365.43242
929792 288.478216667
933888 325.512290909
937984 246.567828571
942080 273.51984
946176 588.973475
950272 373.773325
954368 324.71448
958464 250.58275
962560 376.156257143
966656 532.041516667
970752 288.8159875
974848 349.728942857
978944 287.2528375
983040 255.959425
987136 262.00956
991232 393.90638
995328 542.025166667
999424 264.32105
1003520 623.735466667
1007616 252.863
1011712 233.79424
1015808 358.602069231
1019904 220.157675
1024000 390.62606
1028096 354.413966667
1032192 274.4779
1036288 349.5108
1040384 472.66826
1044480 301.83074
1048576 345.796661702
1052672 295.767816667
1056768 227.00834
1060864 385.69708
1064960 260.5953
1069056 343.210181818
1073152 281.598177778
1077248 459.3976
1081344 310.199583333
1085440 561.449883333
1089536 314.859328571
1093632 286.0397
1097728 317.811233333
1101824 285.356166667
1105920 265.750216667
1110016 316.983733333
1114112 216.49595
1118208 404.50974
1122304 515.618014286
1126400 397.27905
1130496 137.1712
1134592 561.261
1138688 590.504675
1142784 486.991325
1146880 313.02165
1150976 369.9368125
1155072 376.5408
1159168 415.783575
1163264 513.599575
1167360 414.85106
1171456 487.27446
1175552 485.270588889
1179648 397.743525
1183744 357.0764
1187840 491.78935
1191936 360.207833333
1196032 409.260233333
1200128 344.921166667
1204224 264.6716
1208320 604.01665
1212416 618.5908
1216512 464.893
1220608 267.695066667
1224704 175.41435
1228800 523.458525
1232896 418.9787
1236992 326.82775
1241088 272.720333333
1245184 270.1361
1249280 673.8816
1253376 942.0948
1257472 393.2677
1261568 423.95475
1265664 359.677
1269760 357.145016667
1273856 207.71165
1277952 360.2342
1286144 355.2539
1290240 423.8461
1294336 508.493571429
1298432 548.675166667
1302528 324.583466667
1306624 526.0568
1310720 478.6716
1314816 298.5664
1318912 272.2176
1323008 505.480928571
1327104 293.0996
1331200 339.4911
1335296 401.7327
1339392 282.857
1343488 306.3856
1347584 389.22155
1351680 416.683733333
1355776 412.4163
1359872 452.594233333
1363968 374.15375
1368064 532.61425
1372160 442.912833333
1380352 518.38805
1384448 266.628033333
1388544 319.09645
1392640 430.862366667
1396736 451.3673
1404928 262.6022
1413120 432.7956
1417216 950.39685
1421312 643.307833333
1425408 552.53064
1429504 487.799133333
1433600 480.073925
1437696 264.9772
1441792 507.171166667
1445888 502.795242857
1449984 421.943725
1454080 1482.169
1458176 412.7081
1462272 370.961016667
1466368 453.3604
1470464 210.12
1474560 421.92745
1478656 404.4372
1486848 321.38115
1490944 419.1454
1495040 183.0814
1499136 444.34165
1503232 632.00508
1507328 308.446
1511424 269.1635
1519616 356.9471
1523712 647.994
1527808 367.9778
1531904 738.6571
1536000 514.4883
1540096 631.926292308
1544192 509.2641
1548288 384.1686
1552384 129.6368
1556480 546.204577778
1560576 621.25985
1572864 487.8839
1576960 315.6544
1585152 482.1191
1589248 554.245333333
1593344 758.581625
1597440 621.0177
1601536 699.3829
1605632 415.4393
1609728 393.473433333
1622016 335.4657
1626112 585.831
1634304 340.3278
1638400 684.7891
1642496 180.7424
1650688 657.82865
1654784 368.4093
1662976 524.745242857
1667072 623.487133333
1671168 240.6139
1675264 359.9355
1679360 886.3419
1683456 501.271257143
1687552 630.30685
1691648 425.1686
1695744 665.37875
1703936 864.1855
1708032 952.1506
1712128 441.6841
1716224 911.9919
1720320 236.5184
1724416 531.2011
1736704 631.91055
1740800 475.102733333
1744896 1297.01525
1748992 485.6323
1753088 685.15395
1757184 588.295733333
1761280 567.7037
1769472 567.9761
1777664 587.18202
1785856 482.514885714
1789952 358.022
1794048 581.8323
1802240 768.4558
1806336 745.8677
1810432 692.94925
1814528 500.1088
1818624 625.43415
1822720 311.92145
1826816 957.1852
1830912 517.62835
1843200 747.428539583
1847296 529.5857
1851392 2898.4816
1859584 759.50415
1863680 1153.59695
1867776 450.1409
1871872 559.5008
1875968 725.32695
1880064 453.3572
1884160 907.7055
1888256 484.915833333
1892352 395.764
1896448 439.66715
1900544 756.457
1904640 927.8238
1908736 760.509838462
1912832 686.30095
1916928 403.229833333
1921024 375.42975
1925120 542.8192
1929216 864.4985
1937408 705.02767
1941504 684.926675
1945600 449.1733
1949696 474.2533
1953792 568.25135
1957888 342.4363
1961984 559.674175
1966080 456.85565
1970176 664.703581818
1974272 596.9189
1978368 1771.7201
1990656 918.24095
1994752 496.6149
2002944 781.720944444
2007040 585.2701
2011136 855.791575
2015232 686.8261
2019328 2083.02425
2023424 1565.1689
2027520 935.5572
2031616 759.112651316