4096 2.28818991313
8192 2.68242951712
12288 3.08784621868
16384 3.66786873969
20480 4.77926951988
24576 5.07937003409
28672 5.70268331132
32768 6.29120884727
36864 8.1356779288
40960 7.75862021661
45056 7.14195124816
49152 8.11382161491
53248 9.90652743823
57344 10.9193102757
61440 11.5127721798
65536 14.3102625935
69632 17.3608748605
73728 19.2269060468
77824 21.498323572
81920 22.6951399381
86016 25.1479552964
90112 21.5299706745
94208 31.6591707527
98304 26.4542086022
102400 34.3023015152
106496 33.9280678261
110592 29.3002730924
114688 30.3441726141
118784 27.7469020833
122880 29.3401921397
126976 32.7740590604
131072 33.2329488372
135168 45.6453098039
139264 34.18844
143360 42.9557395349
147456 42.4233257143
151552 38.4427567568
155648 40.6198810811
159744 49.3605365854
163840 40.5031238095
167936 35.9644173913
172032 57.94518
176128 30.1880952381
180224 62.791525
184320 47.0712545455
188416 46.4619
192512 51.3652
196608 64.0380727273
200704 43.03948
204800 74.7788333333
208896 91.8416444444
212992 91.1981230769
217088 40.07704
221184 56.0292
225280 53.0362
229376 83.3257333333
233472 35.4914
237568 60.7494
241664 65.4223428571
245760 82.87545
249856 97.05008
253952 73.16128
258048 85.1407466667
262144 99.314575
266240 67.5440444444
270336 56.0484285714
274432 69.42172
278528 66.9484
282624 74.3091333333
286720 68.0920363636
290816 90.4613714286
294912 61.5183555556
299008 51.37945
303104 103.499507692
307200 46.6575
311296 97.7916857143
315392 84.119968
319488 86.901825
323584 85.8407076923
327680 97.69068
331776 100.2208
335872 126.0188
339968 66.4789714286
344064 106.759866667
348160 92.6219
352256 136.6042
356352 88.65872
360448 76.4136888889
364544 100.5247
368640 105.693885714
372736 99.58575
376832 57.8658
380928 76.7273333333
385024 55.2242
389120 96.1754
393216 152.778622222
397312 89.7305777778
401408 94.1081333333
405504 207.2252
409600 80.3596
413696 97.02
417792 79.9237
421888 149.9355
425984 61.67056
430080 154.93785
434176 156.34176
438272 178.0093
442368 100.107927273
446464 113.185533333
450560 154.6634
454656 96.0290666667
458752 120.589777778
462848 216.545
466944 106.8028
471040 184.4162
475136 174.433266667
479232 198.997066667
483328 51.8928
487424 151.65216
491520 130.337133333
495616 111.8226
503808 130.1675
507904 150.063533333
512000 233.993066667
516096 135.0801
520192 156.166933333
524288 150.49848
528384 136.23095
532480 182.1919
536576 182.008666667
540672 143.404228571
544768 179.449733333
548864 113.549466667
552960 197.2336
557056 171.8978
561152 217.1084
565248 123.5088
569344 134.86776
573440 255.64872
577536 234.776
581632 191.714266667
585728 112.1078
589824 136.1748
593920 139.9783
598016 202.3414
602112 136.273066667
606208 137.6528
610304 107.4162
614400 248.011066667
618496 162.34856
622592 295.037333333
626688 531.0618
630784 155.6376
634880 364.007066667
638976 159.494133333
643072 167.7628
647168 174.544
651264 155.07072
655360 194.58792
659456 307.9988
663552 201.6488
667648 167.445714286
671744 341.052533333
675840 207.464933333
679936 141.753866667
684032 158.34176
688128 208.487266667
692224 153.9744
696320 208.744
700416 567.8018
704512 253.67016
708608 254.204666667
712704 315.1044
716800 263.31
720896 223.80192
724992 213.4442
729088 119.1228
733184 193.9584
737280 223.391066667
741376 192.1168
745472 197.970266667
749568 243.44712
753664 346.2841
757760 206.3364
761856 267.634857143
765952 164.884533333
770048 394.090533333
774144 341.6271
778240 248.0856
782336 240.0796
786432 238.8748
790528 270.18408
794624 187.8497
798720 248.3928
802816 673.1692
806912 214.0826
811008 254.744285714
815104 254.453333333
819200 126.814
823296 245.8363
827392 229.5497
831488 177.2584
839680 272.32
843776 219.8384
847872 227.7926
856064 195.7068
860160 314.4103
864256 251.5694
868352 378.0358
872448 248.0789
876544 428.9544
888832 246.2396
892928 346.394
901120 135.9354
905216 544.3212
909312 271.2476
913408 236.1344
917504 482.7212
921600 422.11456
925696 212.0928
929792 323.357133333
933888 252.74496
937984 123.3552
942080 206.557333333
946176 207.178133333
950272 198.8408
954368 337.215
958464 135.4856
962560 142.5108
966656 748.298
970752 266.4762
974848 275.117333333
978944 245.4609
983040 148.952
987136 147.0738
991232 340.88808
995328 322.6896
999424 291.9264
1003520 251.1032
1007616 240.32448
1011712 239.9772
1015808 356.374342857
1019904 267.9524
1032192 335.5508
1036288 314.344
1040384 263.9568
1044480 322.6143
1048576 345.8027
1060864 295.93296
1064960 223.8424
1069056 410.1708
1073152 215.8044
1077248 211.474
1081344 464.2294
1085440 211.5748
1089536 399.1084
1097728 213.2108
1101824 103.7024
1105920 207.7604
1110016 206.8892
1114112 411.3962
1118208 877.3544
1122304 327.4696
1134592 404.4772
1138688 297.2848
1142784 231.2642
1150976 424.1248
1159168 284.5047
1163264 502.1596
1171456 419.6126
1175552 250.8668
1179648 395.0608
1183744 281.9622
1191936 477.6496
1196032 227.6572
1204224 170.1448
1208320 277.0184
1220608 727.223
1228800 278.6908
1232896 342.5544
1249280 426.7372
1253376 706.9454
1261568 1502.4568
1265664 870.05
1269760 244.148133333
1294336 430.597333333
1298432 929.0816
1302528 246.807333333
1314816 165.2396
1318912 494.1416
1323008 284.6516
1327104 405.2712
1335296 337.619066667
1347584 375.6184
1355776 414.2016
1359872 312.0716
1392640 465.606
1396736 185.46
1400832 283.2612
1413120 457.9084
1417216 458.03104
1421312 261.224
1425408 430.3576
1429504 420.589885714
1433600 365.8964
1437696 312.2016
1445888 566.3708
1449984 407.664133333
1454080 394.3944
1458176 533.2228
1462272 426.1528
1470464 1064.3352
1474560 441.3998
1482752 503.4836
1490944 779.9844
1499136 868.6
1503232 569.9756
1507328 596.178
1511424 641.3196
1519616 637.4376
1523712 355.383
1527808 232.338
1531904 208.9808
1536000 390.9244
1540096 215.1208
1544192 360.7472
1548288 1804.4504
1556480 346.71
1568768 438.738
1572864 1096.1548
1581056 581.4642
1585152 539.8536
1589248 491.9594
1601536 620.7666
1605632 294.7656
1609728 941.2978
1622016 421.9796
1638400 1214.7312
1646592 535.4992
1658880 404.3308
1667072 528.863733333
1671168 970.8008
1683456 395.1084
1699840 973.3628
1712128 493.031
1716224 645.4136
1720320 438.178
1724416 1040.6068
1740800 439.7038
1753088 546.2808
1757184 593.7384
1765376 579.5108
1769472 874.924
1777664 346.9818
1781760 422.986
1785856 543.6356
1789952 302.0784
1802240 446.124
1810432 436.314
1814528 464.3208
1818624 582.8684
1822720 266.3304
1843200 558.0865625
1847296 454.0028
1851392 459.5222
1855488 611.1648
1859584 581.3944
1863680 548.971
1871872 483.4852
1875968 495.37405
1880064 336.3228
1884160 485.7504
1900544 915.2736
1904640 479.2064
1908736 677.130457143
1912832 380.8208
1916928 487.848933333
1921024 386.0208
1925120 449.2308
1933312 386.946933333
1937408 555.642288
1941504 873.7636
1953792 446.88
1957888 703.7636
1961984 325.6668
1966080 488.058
1970176 726.01296
1974272 480.604
1982464 492.102
2002944 631.7972
2007040 673.234
2015232 463.1128
2019328 582.9984
2031616 576.228981818