4096 0.84211965282
8192 1.24811559606
12288 1.62874769021
16384 2.04171635184
20480 2.37296183064
24576 2.61815567376
28672 3.05018272235
32768 3.59970491918
36864 4.17498164196
40960 4.83990998664
45056 5.16854096579
49152 6.77177315985
53248 7.88797915235
57344 9.09075300462
61440 10.3848283196
65536 11.0373198272
69632 13.2495495992
73728 14.70047545
77824 14.9626867661
81920 17.4693849624
86016 17.93063
90112 19.2122918063
94208 23.257191629
98304 21.7337817597
102400 21.9052289116
106496 23.9865150215
110592 25.2486371094
114688 27.4400432331
118784 26.9276867133
122880 29.918987108
126976 29.0069459016
131072 30.390797931
135168 34.3477918033
139264 26.6475387755
143360 43.1193688889
147456 34.189706383
151552 44.2067806452
155648 38.344284
159744 43.9850282609
163840 39.5190085714
167936 39.294384375
172032 35.3089194444
176128 38.270725
180224 45.7926758621
184320 49.7825846154
188416 45.2855952381
192512 35.6664692308
196608 43.985237037
200704 39.0664214286
204800 51.512525
208896 35.7990944444
212992 48.3134894737
217088 73.09635
221184 62.4215769231
225280 56.0412888889
229376 38.2833125
233472 59.7039727273
237568 58.0369181818
241664 72.3834666667
245760 61.5981153846
249856 45.6801666667
253952 51.8888923077
258048 22.52824
262144 52.6663307692
266240 34.9247571429
270336 81.9714
274432 72.7864777778
278528 86.969725
282624 55.50855
286720 52.0052538462
290816 69.9364333333
294912 83.73335
299008 72.2490909091
303104 61.51012
307200 111.9992
311296 79.5315076923
315392 66.46085
319488 74.113925
323584 54.46546
327680 74.29102
331776 35.6252833333
335872 100.523475
339968 101.893628571
344064 107.964766667
348160 103.55486
352256 70.242425
356352 73.826125
360448 71.629475
364544 64.2863166667
368640 124.8966
372736 74.6472333333
376832 77.7576
380928 63.4157666667
385024 103.004145455
389120 117.9368
393216 104.6236
397312 81.978175
401408 33.5936
405504 65.92958
409600 81.1008333333
413696 89.7027625
417792 68.890625
421888 81.4048
425984 181.747457143
430080 102.179816667
434176 118.45325
438272 106.40895
442368 55.47232
446464 130.4935
450560 106.51632
454656 56.6474
458752 120.046
462848 147.21855
466944 50.757875
475136 39.6464
479232 56.5215
483328 144.8156
491520 62.7456
495616 131.9756
499712 72.1428
503808 140.529166667
507904 117.27
512000 87.6064
516096 96.48015
520192 43.2896
524288 87.0944
528384 227.6072
532480 74.07115
540672 154.051
544768 94.2032
548864 210.63375
552960 135.57285
557056 62.6191666667
561152 142.09815
565248 146.7115
569344 114.849975
577536 184.9397
581632 50.3216
585728 188.5511
589824 143.0807
593920 174.7906
598016 145.9855
602112 50.0832
606208 153.7505
610304 195.2052
614400 204.7969
622592 96.4595
626688 109.1795
634880 159.866233333
643072 147.422
647168 253.8004
651264 242.3916
655360 106.8736
659456 105.8336
667648 152.844766667
671744 145.9366
675840 158.5123
679936 57.9312
684032 184.564275
688128 57.2048
692224 189.4971
696320 171.509033333
700416 102.4592
704512 194.055275
708608 252.9991
712704 130.8097
716800 182.90075
720896 104.3472
737280 67.8678
741376 207.83165
745472 106.996
753664 162.27015
761856 147.423042857
765952 108.6261
770048 109.6938
774144 112.483533333
782336 163.84005
786432 217.15202
790528 109.6264
794624 239.356566667
798720 117.5739
806912 339.451
811008 210.56655
815104 155.676366667
819200 113.1966
823296 117.6299
827392 287.439625
831488 316.92985
835584 212.0819
843776 174.2737
860160 217.2654
864256 71.5568
868352 231.3717
876544 118.4318
884736 118.6097
888832 207.6101
892928 215.9425
901120 210.0654
909312 123.3465
917504 78.944
921600 170.083733333
925696 120.8272
937984 438.4607
946176 188.4507
954368 173.6928
958464 421.5067
962560 221.2281
970752 402.9621
978944 266.2234
983040 338.6685
995328 130.9449
1003520 182.8393
1011712 283.4976
1015808 180.3434
1019904 132.7792
1028096 230.6292
1032192 132.802566667
1048576 257.730340909
1060864 278.7433
1073152 235.764
1077248 206.2014
1081344 219.102666667
1089536 281.2838
1097728 230.7403
1101824 273.9749
1105920 138.9696
1114112 353.8519
1118208 276.3488
1130496 361.530525
1138688 232.2352
1142784 268.8419
1155072 287.7539
1163264 221.1716
1175552 349.116866667
1200128 239.3275
1208320 259.2092
1216512 262.3773
1253376 320.6617
1282048 274.4911
1286144 337.5799
1294336 367.1647
1306624 108.032
1372160 363.9921
1388544 264.4672
1409024 436.5258
1429504 496.8962
1433600 705.2369
1449984 361.3152
1462272 495.8182
1503232 318.89405
1531904 126.68
1544192 786.1511
1556480 457.0102
1589248 273.3967
1605632 373.376
1630208 880.0134
1642496 339.6867
1646592 507.8768
1650688 425.9543
1662976 375.4687
1716224 455.8096
1720320 354.446
1732608 188.0512
1744896 295.0376
1748992 384.1074
1757184 1291.9542
1785856 455.90815
1810432 459.097
1826816 432.5563
1843200 391.84112
1875968 406.4645
1900544 353.1002
1904640 831.5431
1908736 268.2755
1937408 602.1617
1970176 694.1073
1978368 501.2033
2002944 553.34395
2015232 505.5056
2031616 425.4144