4096 0.816186648909
8192 1.18238549639
12288 1.55232189434
16384 1.93453441558
20480 2.33862126336
24576 2.56770522617
28672 2.9645752114
32768 3.34933744796
36864 3.81308611435
40960 4.36255821918
45056 4.73135140537
49152 5.12207863464
53248 5.45873356445
57344 6.25832865134
61440 6.53151460942
65536 6.50981579761
69632 7.10439913074
73728 7.56068917803
77824 8.05246863436
81920 8.5774652602
86016 8.86663043374
90112 9.23512880435
94208 9.92733831776
98304 10.9708146371
102400 11.1630313514
106496 11.8778441603
110592 12.0506731065
114688 12.6595159587
118784 13.299811831
122880 13.6525442424
126976 13.6356327645
131072 16.0249180467
135168 13.4029536946
139264 14.2781196141
143360 16.4927236749
147456 14.7237168724
151552 15.9885480315
155648 16.4010617512
159744 16.9125204301
163840 18.0116810458
167936 19.0010046512
172032 19.7461369863
176128 19.1558569536
180224 22.1802015267
184320 20.9798125
188416 21.4241268293
192512 20.505352809
196608 22.7035419355
200704 24.2353647059
204800 23.068569697
208896 24.6189517241
212992 26.6632119403
217088 26.9518254545
221184 24.6390836364
225280 27.9371755102
229376 24.2047866667
233472 26.2717581395
237568 27.7299333333
241664 25.2548972973
245760 25.529106383
249856 31.0946580645
253952 27.10445
258048 32.0952930233
262144 29.1523222222
266240 30.7125419355
270336 31.2835789474
274432 28.5304413793
278528 27.8763707317
282624 31.6790666667
286720 36.3293735849
290816 32.5771764706
294912 34.2700551724
299008 40.8974745098
303104 32.0299317073
307200 37.2366933333
311296 34.7860761905
315392 33.0046755556
319488 41.8246315789
323584 40.6815076923
327680 43.3279414634
331776 31.9841333333
335872 32.3503314286
339968 34.6368
344064 34.8856615385
348160 34.2317473684
352256 48.9000827586
356352 41.12372
360448 40.5120941176
364544 53.5652363636
368640 44.7369142857
372736 48.3916444444
376832 37.8156952381
380928 52.5244333333
385024 53.1118285714
389120 41.8956266667
393216 41.2224666667
397312 65.9109333333
401408 46.9381333333
405504 55.7375466667
409600 53.68992
413696 36.5596363636
417792 49.6495157895
421888 47.7406857143
425984 40.6901333333
430080 51.218
434176 62.9487428571
438272 49.9472363636
442368 55.2860444444
446464 48.9704
450560 50.3265142857
454656 59.3958
458752 65.63504
462848 42.8843636364
466944 65.29304
471040 53.9786
475136 50.8089846154
479232 53.2264
483328 58.19888
487424 76.95656
491520 47.2980571429
495616 63.7421142857
499712 57.2001777778
503808 56.9260266667
507904 61.3805052632
512000 63.8941818182
516096 60.1033454545
520192 71.1260307692
524288 64.6181894737
528384 63.9043555556
532480 71.0712571429
536576 68.6651076923
540672 50.9333333333
544768 62.3122
548864 55.9960888889
552960 75.9957333333
557056 59.5578810811
561152 60.8737882353
565248 57.2625142857
569344 73.927
573440 61.2213142857
577536 79.44512
581632 71.2369454545
585728 68.5915
589824 62.6897846154
593920 62.77232
598016 71.8051294118
602112 74.5927111111
606208 70.4665142857
610304 50.885
614400 87.4395428571
618496 58.032
622592 73.2095111111
626688 64.7901714286
630784 74.5851333333
634880 63.4279384615
638976 64.3984
643072 80.5856
647168 74.8736470588
651264 64.9496
655360 73.49195
659456 73.8060307692
663552 87.1872444444
667648 81.4073142857
671744 60.1474666667
675840 82.43915
679936 81.4916190476
684032 80.9033333333
688128 85.2554352941
692224 75.8076173913
696320 85.5866
700416 74.373
704512 98.6361142857
708608 94.7109333333
712704 83.1524631579
716800 68.23072
720896 72.4177454545
724992 110.87968
729088 69.40528
733184 101.55104
737280 83.6434285714
741376 102.5776
745472 95.4058
749568 85.1314461538
753664 111.4205
757760 74.3944
761856 95.86464
765952 105.826338462
770048 95.02952
774144 78.6714666667
778240 79.4197333333
782336 99.483
786432 87.2856
790528 76.2154666667
794624 80.8565333333
798720 88.7088
802816 102.914892308
806912 97.4107789474
811008 94.2624
815104 97.2755
819200 106.301866667
823296 77.186
827392 96.1718769231
831488 95.6396
835584 92.2686222222
839680 132.328571429
843776 94.24904
847872 95.4388571429
851968 112.4868
856064 96.1401142857
860160 110.478171429
864256 115.055
868352 141.719466667
872448 114.413890909
876544 84.1942222222
880640 96.5336
884736 112.296872727
888832 123.02352
892928 116.669933333
897024 109.679428571
901120 137.1224
905216 97.2356363636
909312 85.9944
913408 97.8786666667
917504 107.21936
921600 115.94576
925696 97.7758666667
929792 124.62032
933888 101.037835294
937984 131.5492
942080 126.982
946176 122.21608
950272 94.9161142857
954368 109.059306667
958464 128.219490909
962560 83.9198545455
966656 99.9462857143
970752 108.953028571
974848 105.547490909
978944 111.8488
983040 103.6815
987136 118.9316
991232 126.5916
995328 92.4936615385
999424 147.178610526
1003520 143.460533333
1007616 121.794707692
1011712 126.129266667
1015808 156.3822
1019904 148.61328
1024000 136.474211765
1028096 127.143345455
1032192 98.0978285714
1036288 130.783885714
1040384 153.019542857
1044480 115.413723077
1048576 125.501391304
1052672 125.454892308
1056768 116.640738462
1060864 139.562769231
1064960 143.693422222
1069056 117.34784
1073152 153.641257143
1077248 129.667764706
1081344 141.8368
1085440 121.24112
1089536 166.031533333
1093632 127.399272727
1097728 158.0688
1101824 132.580533333
1105920 187.7352
1110016 202.573142857
1114112 130.700342857
1118208 137.4461
1122304 128.744
1126400 125.580266667
1130496 147.20336
1134592 115.9888
1138688 122.8796
1142784 150.098
1146880 110.006933333
1150976 144.542690909
1155072 95.744
1159168 158.727733333
1163264 131.915733333
1167360 107.5678
1171456 161.808025
1175552 133.235093333
1179648 142.2556
1183744 134.68
1187840 162.84
1191936 179.698
1196032 189.168
1200128 168.2276
1204224 159.60288
1208320 99.9896
1212416 122.9728
1216512 140.482844444
1220608 131.903466667
1224704 162.096
1228800 171.66104
1232896 139.984
1236992 219.8176
1241088 163.445828571
1245184 183.595446154
1249280 172.508571429
1253376 175.650971429
1257472 181.808
1261568 138.397
1265664 155.280666667
1269760 119.423466667
1273856 116.607
1277952 157.0192
1282048 153.05832
1286144 199.6568
1290240 189.008177778
1294336 147.483733333
1298432 140.526933333
1302528 191.024622222
1306624 184.04528
1310720 192.4278
1314816 174.344
1318912 154.222628571
1323008 165.44512
1327104 184.5784
1331200 220.857333333
1335296 148.85472
1339392 159.7631
1343488 142.929028571
1347584 150.939022222
1351680 179.1606
1355776 143.2276
1359872 112.7216
1363968 186.388177778
1368064 159.16768
1372160 242.688266667
1376256 206.768
1380352 113.9696
1384448 114.3296
1388544 163.584457143
1392640 180.9688
1396736 168.8546
1400832 128.3588
1404928 212.3184
1409024 160.757
1413120 161.186057143
1417216 178.501672727
1421312 152.452977778
1425408 179.7632
1429504 182.518533333
1433600 167.4048
1437696 214.46448
1441792 196.8352
1445888 206.914171429
1449984 167.037942857
1454080 217.726057143
1458176 167.200533333
1462272 212.2242
1466368 206.045066667
1470464 166.116
1474560 183.615
1478656 197.23776
1482752 161.227466667
1486848 146.2936
1490944 202.158
1495040 173.2376
1499136 173.481955556
1503232 168.369942857
1507328 211.693333333
1511424 168.2992
1515520 190.079657143
1519616 169.634742857
1523712 189.437511111
1527808 254.88
1531904 163.568533333
1536000 261.845828571
1540096 202.309288889
1544192 197.8446
1548288 244.8496
1552384 219.28224
1556480 196.992533333
1560576 202.7608
1564672 246.48912
1568768 190.116228571
1572864 218.8244
1576960 221.2376
1581056 167.12128
1589248 160.454933333
1593344 282.339733333
1597440 205.768
1601536 176.048
1605632 198.838
1609728 213.7392
1613824 178.37632
1617920 156.0144
1622016 170.896666667
1626112 189.1744
1630208 162.00224
1634304 149.832
1638400 180.106666667
1642496 188.1836
1646592 184.32912
1650688 180.341333333
1654784 189.486933333
1658880 188.6008
1662976 212.026947368
1667072 243.4616
1671168 240.2392
1675264 204.171428571
1679360 232.9546
1683456 171.384
1687552 213.592
1691648 219.371733333
1695744 140.9696
1699840 164.2608
1703936 296.376228571
1708032 185.6328
1712128 230.6472
1716224 211.1851
1720320 288.761028571
1724416 208.1832
1732608 189.34976
1736704 224.7616
1740800 208.73024
1744896 188.9392
1748992 210.2232
1753088 236.21
1757184 291.57
1761280 217.630628571
1765376 256.3608
1769472 204.5552
1773568 214.8104
1777664 195.965885714
1781760 225.378133333
1785856 216.486981818
1789952 231.3208
1794048 199.0192
1798144 298.8276
1802240 217.723733333
1806336 186.014133333
1810432 287.5032
1814528 291.7928
1818624 235.2561
1822720 255.7048
1826816 255.885142857
1830912 339.5496
1835008 226.688
1839104 261.051428571
1843200 230.216763636
1847296 238.683911111
1851392 269.4689
1855488 247.266844444
1859584 334.533866667
1863680 186.118133333
1867776 231.714628571
1871872 215.48784
1880064 220.569
1884160 184.354666667
1888256 220.710133333
1892352 238.32416
1896448 279.597
1900544 326.92048
1904640 251.025030303
1908736 264.202975439
1912832 222.342342857
1916928 268.5288
1921024 245.127111111
1925120 225.9214
1929216 266.67104
1933312 270.475927273
1937408 288.046468085
1941504 223.02825
1945600 256.589333333
1949696 252.1776
1953792 259.653866667
1957888 272.2972
1961984 257.1576
1966080 324.17144
1970176 245.140382609
1974272 326.3848
1978368 238.2046
1982464 251.408
1986560 262.37784
1990656 348.384133333
1994752 314.21016
1998848 309.840533333
2002944 252.9285
2007040 274.793714286
2011136 250.556984615
2015232 431.930826667
2019328 373.546666667
2023424 279.072990476
2027520 327.910057143
2031616 271.552087886