4096 0.863271340051
8192 1.29907187951
12288 1.71123309783
16384 2.22162942649
20480 2.53315342863
24576 2.90042381464
28672 3.31837232086
32768 4.45374749475
36864 4.79167740189
40960 5.64315067126
45056 6.48595016797
49152 7.20356797794
53248 9.28926072092
57344 11.2679226667
61440 12.8142263531
65536 13.9667745139
69632 16.6409021797
73728 18.6391023185
77824 20.3851552504
81920 21.8050654941
86016 23.4764201632
90112 25.2796205479
94208 25.3892416834
98304 25.9093625323
102400 29.6429608696
106496 30.5250711694
110592 30.4205086758
114688 34.3541737789
118784 33.3034919614
122880 37.6982210863
126976 37.002078853
131072 37.9853418005
135168 31.7086388889
139264 39.4947971429
143360 42.5263
147456 42.4294406593
151552 43.8768555556
155648 43.5627310345
159744 40.5006403226
163840 46.9854753846
167936 44.0482839286
172032 39.8240897959
176128 50.8630633333
180224 46.5659205128
184320 51.6038388889
188416 66.8572275
192512 54.2862895833
196608 43.1043352941
200704 91.34309
204800 78.24682
208896 55.9669205128
212992 48.8206090909
217088 57.4342416667
221184 44.8773631579
225280 52.8936782609
229376 64.9139772727
233472 71.253196
237568 80.9111407407
241664 67.8314272727
245760 60.1452285714
249856 65.4100352941
253952 100.337536842
258048 76.4314210526
262144 76.5682521739
266240 82.07215
270336 68.8461636364
274432 116.396590909
278528 103.214153846
282624 89.1873833333
286720 118.12681875
290816 91.5732071429
294912 84.14685
299008 72.9002333333
303104 115.558933333
307200 74.52894
311296 79.5320076923
315392 104.077052941
319488 72.7473222222
323584 90.1411222222
327680 109.1415375
331776 106.553575
335872 110.4707
339968 103.33997
344064 134.243345455
348160 120.125145455
352256 83.45268
356352 97.24032
360448 118.326588889
364544 195.548466667
368640 125.928625
372736 101.384766667
376832 122.81902
380928 117.42962
385024 82.9967
389120 101.701814286
393216 92.3463571429
397312 101.276754545
401408 117.4112625
405504 164.967922222
409600 65.63115
413696 121.5426
417792 133.9715375
421888 81.87882
425984 35.8064
430080 104.9513
434176 179.583025
438272 102.285672727
442368 106.6069125
446464 129.904711111
450560 117.758466667
454656 156.613625
458752 105.097075
462848 93.3163333333
466944 116.4851
471040 201.74332
475136 145.030042857
479232 64.2782
483328 201.7203
487424 141.48355
491520 114.5659
495616 287.551175
499712 104.5294
503808 213.655285714
507904 97.471
512000 92.923325
516096 187.79175
520192 115.854166667
524288 189.323171429
528384 124.961025
532480 230.25222
536576 229.646844444
540672 115.479175
544768 148.850475
548864 139.233433333
552960 143.2897
557056 202.7893
561152 175.877128571
565248 247.39396
569344 181.518725
573440 185.5362
581632 93.736
585728 193.949616667
589824 191.226666667
593920 220.4986
598016 185.605
602112 153.58595
606208 228.178
610304 421.39805
614400 194.388683333
618496 105.0325
622592 290.41725
626688 128.782375
630784 191.7549
634880 223.2829
638976 153.2713
643072 168.762466667
647168 199.00328
651264 98.9776
655360 231.3654
659456 196.7371
663552 224.50765
667648 258.19305
671744 164.0904
675840 262.3131
679936 191.14438
684032 262.1687
688128 156.15825
692224 320.3518
696320 233.248675
700416 261.38156
704512 280.3758
708608 276.9909
712704 344.6748
720896 242.43465
724992 158.0181
729088 130.7516
733184 249.356966667
741376 215.7639
745472 189.1533
749568 118.5664
753664 167.76856
761856 175.44735
774144 281.1891
778240 165.0256
782336 246.1867
786432 207.294
790528 252.2847
794624 208.062
802816 267.1302
806912 253.0113
811008 419.1286
815104 360.1385
827392 270.453733333
831488 194.2319
835584 339.43845
839680 255.0468
847872 338.588925
851968 404.6476
856064 224.20655
864256 248.3118
872448 306.8863
876544 519.9968
880640 241.6634
884736 622.8441
888832 172.3274
917504 255.2143
925696 338.7653
929792 285.13872
937984 268.5021
942080 515.6089
946176 261.1562
950272 241.3744
954368 202.72935
958464 206.904566667
962560 284.6244
966656 369.7734
970752 231.04755
974848 279.6077
995328 417.4629
1003520 272.63125
1007616 281.4768
1015808 422.58195
1019904 128.0736
1040384 155.97865
1048576 363.83205
1052672 306.93205
1064960 238.7023
1077248 378.5708
1081344 334.8211
1089536 352.8127
1093632 681.15135
1101824 425.7484
1114112 669.07705
1122304 435.4854
1146880 402.01705
1159168 443.7925
1171456 394.3111
1175552 260.7628
1179648 158.6112
1187840 348.9693
1212416 147.1728
1216512 273.8454
1253376 359.4906
1265664 254.16
1277952 325.1751
1306624 697.5515
1335296 682.38745
1347584 483.9303
1355776 325.6433
1359872 982.4836
1429504 702.3751
1433600 713.156
1441792 260.8423
1499136 329.0629
1511424 818.9835
1544192 457.3992
1556480 434.2993
1560576 365.6734
1564672 534.9396
1568768 479.2547
1609728 788.10815
1617920 815.9705
1679360 797.39035
1683456 458.1279
1748992 367.3295
1785856 742.5997
1798144 1026.4332
1814528 575.4665
1822720 676.0325
1835008 458.0256
1843200 428.770028571
1884160 790.3368
1929216 1093.6696
1937408 418.0733
1998848 538.1038
2031616 656.097426087