4096 0.828246992981
8192 1.20683973888
12288 1.57594303697
16384 1.97686026879
20480 2.40649050525
24576 2.64276508012
28672 3.12586083662
32768 3.66928579222
36864 3.93689594907
40960 4.50094972592
45056 5.10474411058
49152 6.06950994083
53248 6.69504454855
57344 7.48471254767
61440 8.3808909181
65536 8.63003971314
69632 9.81632491727
73728 11.0303687165
77824 11.8282602747
81920 12.6657008715
86016 13.2803460657
90112 14.2422652913
94208 14.6920295981
98304 15.8864433553
102400 17.3835293249
106496 18.2869621176
110592 18.6129497525
114688 19.3436809722
118784 17.3129085987
122880 21.0235317188
126976 21.5066015337
131072 19.1403176285
135168 23.0153540323
139264 23.106138404
143360 24.8762313333
147456 23.4263328814
151552 25.3948609195
155648 26.3340708738
159744 25.637727897
163840 28.6147829897
167936 27.1320659218
172032 26.7383494444
176128 30.470481457
180224 31.4700395683
184320 31.4943523438
188416 35.217847619
192512 31.9001977273
196608 33.5181864516
200704 36.1051792453
204800 34.9857315068
208896 37.793758209
212992 40.2570239437
217088 36.3294672131
221184 40.0409983871
225280 42.1686354839
229376 42.3143349206
233472 43.5963094595
237568 44.8071839286
241664 37.7939854545
245760 43.611632
249856 45.8817079365
253952 49.8429672414
258048 53.5318107143
262144 46.4829787234
266240 33.127075
270336 39.9856803279
274432 44.2572804348
278528 56.270425
282624 50.4288757576
286720 49.345194
290816 57.0553128205
294912 56.3362695652
299008 51.4561313725
303104 49.5048166667
307200 68.6344846154
311296 68.4221672727
315392 42.2654578947
319488 56.5187512195
323584 62.9520243243
327680 56.96716
331776 36.692115
335872 58.6283
339968 60.6683473684
344064 60.4850633333
348160 58.1887363636
352256 71.5429
356352 76.1243916667
360448 55.7738952381
364544 76.3684388889
368640 71.5335263158
372736 82.53188125
376832 89.6206944444
380928 60.8118292683
385024 72.2375625
389120 70.9075133333
393216 67.6263296296
397312 53.0335388889
401408 80.1757083333
405504 62.4694285714
409600 104.322257895
413696 87.0707666667
417792 67.1697071429
421888 85.9635888889
425984 77.9222666667
430080 56.54176875
434176 78.904253125
438272 83.8279466667
442368 73.6706777778
446464 78.9876318182
450560 62.3086846154
454656 121.821855556
458752 76.9630363636
462848 98.1163727273
466944 86.8927
471040 71.4634846154
475136 82.6647307692
479232 88.5662142857
483328 105.408061538
487424 119.710022222
491520 74.4831285714
495616 84.9149384615
499712 80.9312
503808 109.7328125
507904 116.883075
512000 81.2441294118
516096 101.182584211
520192 89.80092
524288 85.3199944444
528384 98.3733416667
532480 113.732738462
536576 111.451933333
540672 141.096694737
544768 116.97076
548864 165.30994
552960 94.9638083333
557056 106.127209677
561152 94.9577285714
565248 99.7286772727
569344 108.115891667
573440 132.960042857
577536 112.687919048
581632 112.002677778
585728 73.4612571429
589824 95.3932076923
593920 134.647557143
598016 108.4168
602112 93.9321
606208 133.2386
610304 93.35265
614400 103.214775
618496 99.1897636364
622592 119.46495
626688 95.4078416667
630784 114.406736364
634880 126.437735294
638976 96.6924181818
643072 110.252093333
647168 138.5356375
651264 115.377066667
655360 133.01601
659456 141.3089125
663552 109.610171429
667648 107.220926667
671744 109.84872
675840 143.656571429
679936 115.386491304
684032 139.377109091
688128 145.83695
692224 99.0142714286
696320 173.615614286
700416 112.821127273
704512 106.019271429
708608 128.861511111
712704 127.964491667
716800 119.081330769
720896 145.9105
724992 155.32505
729088 138.216372727
733184 147.7779
737280 161.592855556
741376 162.5052
745472 201.36874
749568 132.186016667
753664 104.7368
757760 154.375755556
761856 178.862731579
765952 124.411925
770048 141.114027273
774144 142.114966667
778240 133.630681818
782336 134.483816667
786432 150.00875
790528 158.88848
794624 163.512377778
798720 162.311154545
802816 195.5786
806912 162.987252381
811008 143.4033375
815104 144.653927273
819200 138.458366667
823296 248.724583333
827392 166.53921
831488 116.45355
835584 135.58373
839680 165.21585
843776 196.75394
847872 230.935677778
851968 168.409942857
856064 155.29605
860160 131.62045
864256 172.4954625
868352 199.000777778
872448 172.860209091
876544 161.01425
880640 148.741025
884736 167.9169
888832 179.569863158
892928 150.9764
897024 127.9644
901120 183.2637
905216 316.8871
909312 212.937925
913408 169.9583
917504 132.67455
921600 197.0271625
925696 226.19626087
929792 182.906377778
933888 174.582809091
937984 155.390183333
942080 135.42015
946176 281.026316667
950272 142.264
954368 183.292455556
958464 214.74862
962560 173.469775
966656 160.171766667
970752 247.844681818
974848 208.6113625
978944 178.9272
983040 216.357954545
987136 160.482828571
991232 190.075416667
995328 151.202175
999424 211.523488889
1003520 210.38957
1007616 167.070781818
1011712 213.1034
1015808 181.473988889
1019904 139.299763636
1024000 223.741885714
1028096 214.8092625
1032192 195.6113
1036288 180.8109375
1040384 165.204266667
1044480 135.301544444
1048576 212.15965641
1052672 200.765155556
1056768 180.49538
1060864 200.9641
1064960 290.7655625
1069056 190.98444
1073152 211.741
1077248 188.702528571
1081344 230.925216667
1085440 248.6263
1089536 119.165866667
1093632 147.49626
1097728 260.1032
1101824 228.83045
1105920 190.2359
1110016 227.51664
1114112 214.389625
1118208 242.39246
1122304 180.520181818
1126400 128.5652
1130496 201.8901
1138688 233.106516667
1142784 230.670625
1146880 211.732971429
1150976 348.356333333
1155072 300.225344444
1159168 191.84625
1163264 257.105633333
1167360 513.0941
1171456 270.60176875
1175552 162.127071429
1179648 333.799483333
1183744 224.38276
1187840 167.4971
1191936 299.6989
1196032 193.732
1200128 247.2448
1204224 233.5552
1208320 253.67824
1212416 143.9675
1216512 216.3967
1220608 236.5158
1224704 244.4143
1228800 191.4416
1232896 205.53006
1236992 266.1451
1241088 213.5538
1245184 201.5931
1249280 215.991
1253376 235.1672
1261568 252.91066
1265664 262.070125
1269760 308.435775
1273856 200.7385
1282048 156.6016
1286144 151.6064
1290240 218.5467
1294336 321.520688889
1298432 107.2496
1302528 251.963942857
1306624 242.5648
1310720 246.9856
1314816 264.082133333
1318912 186.497066667
1323008 246.6182
1327104 254.6672
1331200 203.52065
1335296 262.934866667
1339392 295.0459
1343488 198.74385
1347584 197.332575
1351680 185.02715
1355776 189.453233333
1359872 315.85942
1363968 301.917766667
1368064 247.2304
1376256 279.6263
1380352 620.4502
1384448 323.57415
1388544 208.1312
1392640 398.0657
1396736 159.45645
1400832 196.672333333
1404928 257.0237
1409024 246.760825
1413120 177.488425
1417216 267.850773333
1421312 305.27466
1425408 280.9816
1429504 206.37316
1433600 348.0553
1441792 253.888
1445888 209.5872
1449984 399.8695
1454080 306.13435
1458176 260.8052
1462272 298.017333333
1466368 324.261166667
1470464 265.479733333
1474560 313.8296
1478656 272.390975
1486848 217.1371
1495040 279.5299
1499136 309.872533333
1503232 306.387
1507328 320.387375
1511424 278.1789
1515520 271.6738
1519616 300.488875
1523712 285.50618
1527808 220.94385
1531904 263.2232
1540096 264.18498125
1544192 494.3462
1552384 173.992
1556480 280.508766667
1560576 221.13545
1564672 265.80875
1568768 368.865175
1572864 310.513633333
1581056 1045.2235
1585152 521.2968
1589248 368.1087
1593344 300.896766667
1597440 337.793875
1601536 811.2516
1605632 345.2711
1609728 234.373
1613824 233.9076
1617920 257.1659
1622016 448.3269
1626112 268.7392
1630208 308.591333333
1634304 345.1195
1642496 202.3719
1646592 451.210866667
1650688 478.3295
1654784 499.360333333
1662976 404.044436364
1667072 300.906
1675264 338.8313
1679360 627.7141
1691648 344.1368
1695744 324.10905
1699840 483.4583
1703936 348.3022
1708032 286.86535
1712128 386.3797
1716224 277.464
1724416 230.464
1728512 257.3605
1732608 280.2432
1736704 143.4352
1740800 323.5511
1748992 407.6324
1753088 226.73075
1757184 283.9616
1773568 418.9675
1777664 415.015
1781760 195.232
1785856 436.9413125
1789952 287.0374
1794048 380.4846
1798144 603.836
1802240 310.7536
1806336 237.7405
1810432 336.16575
1814528 440.116766667
1818624 150.2768
1826816 391.3776
1830912 295.7556
1835008 340.984
1843200 475.79111
1847296 400.219466667
1851392 658.78485
1855488 414.2924
1863680 427.8847
1867776 371.496733333
1871872 524.8384
1875968 439.1164
1880064 316.8104
1888256 322.8052
1896448 436.774533333
1900544 424.693233333
1904640 338.419169231
1908736 452.362588235
1912832 462.3292
1921024 292.1696
1925120 348.3178
1929216 478.6496
1933312 629.2806
1937408 374.011566667
1941504 324.5852
1945600 373.626766667
1949696 302.61965
1957888 438.2832
1966080 414.734033333
1970176 359.2412
1986560 452.5991
1990656 164.866
1994752 298.6544
1998848 309.256525
2002944 514.7137
2007040 323.162666667
2011136 314.588233333
2015232 405.025
2019328 301.5251
2031616 380.526855936