4096 0.882273785023
8192 1.29981424419
12288 1.72794344142
16384 2.41106947995
20480 3.01974860215
24576 3.29899875556
28672 4.08934674496
32768 5.15337769784
36864 4.29049494163
40960 4.54983178808
45056 5.1004103321
49152 6.41114666667
53248 8.05996515679
57344 9.75879468439
61440 12.9750900901
65536 14.0504937998
69632 17.0496451417
73728 19.1614646368
77824 20.9504727665
81920 23.514426299
86016 25.3176475248
90112 25.7356451411
94208 30.7980708229
98304 30.0155353952
102400 30.1262925373
106496 29.5436780488
110592 38.7926883721
114688 33.3270424242
118784 36.8408454545
122880 38.9481552239
126976 32.2227555556
131072 38.3125894737
135168 44.1077555556
139264 41.4371317073
143360 44.1699833333
147456 38.567392
151552 48.770916129
155648 45.784925
159744 53.9805846154
163840 39.7286933333
167936 64.2640470588
172032 53.6429714286
176128 61.921216
180224 51.5491384615
184320 71.1064
188416 57.0927619048
192512 67.2166117647
196608 88.76415
200704 76.7290133333
204800 66.2858285714
208896 44.3506
212992 46.196
217088 59.1725333333
221184 85.2558153846
225280 73.69575
229376 55.74792
233472 51.667
237568 75.8200615385
241664 47.1772571429
245760 84.34368
249856 110.134222222
253952 76.28095
258048 57.136
262144 45.1918
266240 78.7281
270336 101.522909091
274432 72.0536
278528 78.1948363636
282624 91.69968
286720 83.0822666667
290816 52.2666285714
294912 99.5648615385
299008 130.2999
303104 85.4227555556
307200 96.4601142857
311296 118.2992
315392 116.870953846
319488 111.434
323584 101.146466667
327680 88.2174
331776 96.5345142857
335872 130.4565
339968 132.557142857
344064 130.709866667
348160 161.9698
352256 148.224533333
356352 91.1621714286
360448 67.573
364544 133.789
368640 141.959377778
372736 148.3194
376832 114.920133333
380928 84.8326
385024 169.42
389120 102.008984615
393216 146.540933333
397312 93.7268571429
401408 93.56192
405504 178.8192
409600 135.0144
413696 141.712177778
417792 97.9312
421888 98.0504
425984 144.634628571
430080 91.2649142857
434176 169.3096
438272 171.11272
442368 115.412933333
446464 166.48912
450560 151.689066667
454656 121.75808
458752 114.99792
462848 135.32848
466944 163.0172
471040 128.5498
475136 159.1246
479232 219.7452
483328 233.4756
487424 92.2448
491520 92.1584
495616 163.946266667
499712 113.5992
503808 307.5808
507904 165.2372
512000 195.0576
516096 191.8728
520192 204.2504
524288 158.2336
528384 118.1712
532480 259.5506
536576 194.077
540672 101.397828571
544768 106.58784
548864 159.050933333
552960 228.729866667
557056 267.9426
561152 163.760533333
565248 133.113866667
569344 289.994933333
573440 257.154666667
577536 238.7796
581632 138.9448
585728 49.4736
589824 142.81856
598016 112.23648
606208 248.1808
610304 288.1628
614400 228.2344
618496 227.452533333
622592 178.691466667
626688 167.873066667
630784 194.9144
634880 270.461466667
638976 354.538933333
643072 134.2936
647168 198.1
651264 142.64288
655360 274.1306
659456 212.2864
663552 195.5928
667648 240.005828571
671744 276.5896
675840 258.270933333
679936 241.4095
684032 325.7036
688128 335.0601
692224 333.709333333
700416 416.7624
704512 235.0836
708608 140.643466667
712704 184.67824
716800 384.864
720896 246.528
724992 304.778
729088 160.6448
733184 332.1504
737280 154.008
741376 148.6064
745472 186.3776
749568 245.9744
753664 275.5928
757760 271.279733333
761856 247.137333333
765952 158.632
770048 158.8608
774144 150.0794
778240 225.4892
782336 187.362533333
786432 414.4802
790528 191.5172
794624 213.185688889
798720 358.938133333
802816 237.308
806912 291.2218
811008 232.514133333
815104 425.298
827392 321.587
831488 259.556
835584 181.7992
839680 279.801333333
843776 287.1136
847872 188.670133333
851968 299.343733333
856064 224.852
860160 259.4988
864256 222.648
868352 185.8906
872448 235.604
876544 352.5026
880640 315.33088
884736 170.562
888832 285.188
892928 395.564
905216 150.3596
917504 248.72032
921600 328.016666667
925696 979.2296
929792 121.1192
933888 318.1128
937984 211.2576
942080 527.14
946176 130.1368
950272 318.2244
954368 271.9736
966656 294.595
974848 917.4336
978944 387.2288
983040 306.300266667
987136 397.0344
991232 376.8812
995328 211.0104
1003520 443.8304
1007616 460.108
1011712 387.9256
1015808 285.8612
1019904 486.1198
1024000 272.4552
1028096 227.0464
1032192 337.321333333
1036288 376.9088
1040384 228.8744
1044480 440.9394
1048576 371.046861538
1052672 686.9856
1056768 423.5504
1060864 211.8584
1064960 88.456
1069056 314.040266667
1073152 226.3112
1077248 456.2512
1081344 414.9044
1085440 235.4036
1089536 191.0628
1093632 386.952
1097728 249.8768
1101824 482.2308
1105920 511.1088
1110016 636.1672
1114112 285.129333333
1118208 291.5928
1122304 246.0488
1155072 283.104533333
1159168 524.592
1171456 430.236
1175552 519.5644
1183744 354.5456
1187840 154.2812
1196032 415.6288
1200128 572.141866667
1204224 424.5928
1208320 444.313066667
1224704 587.2784
1228800 498.9832
1232896 692.0432
1236992 513.6232
1241088 510.1056
1249280 390.496
1257472 297.3528
1261568 497.847466667
1277952 483.5928
1282048 494.496
1290240 407.052
1298432 514.8268
1302528 532.184
1306624 302.2144
1310720 293.5264
1314816 810.1588
1323008 367.3776
1327104 516.856
1335296 922.8524
1339392 518.481866667
1343488 303.372
1355776 537.2416
1368064 344.7208
1372160 272.4088
1376256 759.7048
1388544 540.3168
1392640 397.401333333
1396736 320.3304
1400832 952.0656
1404928 355.6304
1413120 468.648
1433600 1102.3796
1437696 274.4064
1445888 697.8628
1458176 414.6856
1462272 457.4098
1470464 424.2808
1474560 480.4264
1478656 627.2752
1486848 444.1072
1490944 611.33
1499136 463.852
1503232 786.588
1519616 548.2184
1531904 466.7752
1540096 584.561066667
1556480 456.7352
1564672 501.6448
1568768 576.1944
1572864 515.5928
1576960 580.3004
1605632 919.692
1617920 471.868
1630208 680.6984
1642496 437.2056
1658880 441.4696
1662976 638.3176
1683456 585.7368
1691648 425.0552
1712128 666.4344
1716224 711.280266667
1728512 279.3736
1773568 379.0128
1781760 1418.596
1785856 457.4212
1794048 706.716
1810432 783.3796
1814528 542.192
1818624 372.14
1826816 351.2088
1843200 647.2938
1847296 332.7312
1859584 899.3016
1867776 1502.8896
1875968 619.52
1892352 603.056
1912832 599.6248
1916928 605.044
1921024 359.948
1937408 555.586506667
1970176 604.3
1978368 558.9672
1994752 216.2888
2019328 1900.5928
2031616 626.739623529