4096 2.2886159977
8192 2.66844684862
12288 3.03366495102
16384 3.44831849226
20480 4.5257442544
24576 4.80919618879
28672 5.16391752202
32768 5.61492028689
36864 5.99020039841
40960 6.54513337297
45056 6.72798511006
49152 7.38248904448
53248 8.02859550706
57344 8.66825471919
61440 9.28564470709
65536 9.6896264549
69632 10.6765135527
73728 11.463046334
77824 12.4720422386
81920 12.7438242689
86016 13.4386961977
90112 15.1347717159
94208 15.3062692371
98304 15.7546279159
102400 17.1799312641
106496 17.9776724265
110592 18.3376550336
114688 19.7603118797
118784 19.4884584127
122880 19.7998106181
126976 22.4239701954
131072 20.7227967406
135168 22.7389643216
139264 21.3019077135
143360 25.3478175573
147456 24.9498959707
151552 24.0076825581
155648 28.1780037344
159744 29.3172969432
163840 25.4560273885
167936 26.6015946108
172032 30.6913534591
176128 27.8611471831
180224 30.8827943548
184320 29.7010590551
188416 32.395942446
192512 28.9848641791
196608 31.3115631068
200704 34.1230896552
204800 33.5111140351
208896 34.50570625
212992 33.9886936508
217088 43.4713069444
221184 33.4054684932
225280 39.0169125
229376 40.0469322581
233472 35.9201647059
237568 47.7415179487
241664 35.0930902439
245760 46.7568
249856 48.8721072727
253952 45.1544837838
258048 46.7747162791
262144 47.4743492958
266240 42.3523404255
270336 42.8442057692
274432 49.1151175
278528 45.5596214286
282624 46.9776813953
286720 50.8183135593
290816 51.3939066667
294912 45.2412545455
299008 61.9792088235
303104 52.6385875
307200 50.7395241379
311296 52.5220645833
315392 55.65883125
319488 48.9348419355
323584 65.4689627907
327680 51.1829
331776 46.8966619048
335872 54.0851935484
339968 70.5022086957
344064 57.1888266667
348160 57.3003105263
352256 61.0608375
356352 67.0301444444
360448 54.4711583333
364544 66.5008888889
368640 61.3017304348
372736 72.7131222222
376832 65.7055733333
380928 57.6779586207
385024 45.6729933333
389120 98.7921375
393216 71.8157571429
397312 51.3303416667
401408 46.90796
405504 37.7224375
409600 54.0229636364
413696 106.5401
417792 83.5651833333
421888 73.8912153846
425984 84.8644375
430080 130.9091375
434176 90.2493833333
438272 64.6054736842
442368 78.0482944444
446464 80.7898421053
450560 75.0501733333
454656 79.4147647059
458752 92.6113888889
462848 72.7988176471
466944 86.1039166667
471040 100.7488875
475136 83.0026142857
479232 95.1081083333
483328 89.4939625
487424 83.1670125
491520 84.1756
495616 74.9984222222
499712 108.544911111
503808 84.7185666667
507904 78.91335625
512000 83.87303
516096 90.1890333333
520192 82.937725
524288 86.86639375
528384 86.1214363636
532480 88.3934
536576 90.4431333333
540672 122.479122222
544768 92.11397
548864 64.3385285714
552960 109.300845455
557056 102.119170833
561152 92.4608090909
565248 96.7772222222
569344 109.804628571
573440 128.9021625
577536 124.31115
581632 99.22416
585728 78.98795
589824 96.3279142857
593920 119.712041667
598016 88.1785714286
602112 93.47365
606208 78.7042857143
610304 95.2994444444
614400 141.035375
618496 144.310293333
622592 110.134066667
626688 112.518922222
630784 105.609633333
634880 141.937373684
638976 118.529166667
643072 120.22303
647168 151.0275
651264 129.210328571
655360 99.7087555556
659456 106.1807375
663552 135.05151
667648 92.0769411765
671744 75.81088
675840 112.594344444
679936 122.065280952
684032 167.46174
688128 97.42554
692224 148.57071
696320 110.047246154
700416 110.2678125
704512 132.858455556
708608 113.681261538
712704 140.0977375
716800 105.804172727
720896 113.287157143
724992 213.546485714
729088 113.41695
733184 113.984575
737280 109.22833
741376 160.617985714
745472 163.378283333
749568 89.4550428571
753664 108.161275
757760 111.466027273
761856 103.144635714
765952 126.082466667
770048 205.6995
774144 126.237533333
778240 114.621542857
782336 125.3017
786432 129.587531579
790528 150.95614
794624 150.970427273
798720 138.8922125
802816 148.374419048
806912 149.300929412
811008 111.03047
815104 111.046157143
819200 178.797866667
823296 159.596128571
827392 142.252933333
831488 200.200242857
835584 169.16438
839680 215.069285714
843776 96.3302
847872 171.8456
851968 270.89738
856064 291.04928
860160 140.22518
864256 166.976233333
868352 169.099614286
872448 150.462425
876544 180.190828571
880640 125.783883333
884736 131.61715
888832 221.019842857
892928 194.3077
897024 116.452057143
901120 217.92675
905216 162.8788
909312 133.447266667
913408 206.62904
917504 223.97135
921600 124.541708333
925696 132.704644444
929792 151.402285714
933888 209.656075
937984 146.528588235
942080 210.063555556
946176 157.66036
950272 158.130928571
954368 189.834725
958464 138.0241875
962560 155.91898
966656 162.235436364
970752 205.501683333
974848 167.360833333
978944 328.33574
983040 239.05065
987136 173.869975
991232 205.7172
995328 161.435028571
999424 216.4114125
1003520 140.1563
1007616 146.4477125
1011712 161.266116667
1015808 170.879457143
1019904 156.44305
1024000 168.58018
1028096 267.39135
1032192 168.83685
1036288 189.70701
1040384 184.3633
1044480 175.90895
1048576 204.626315476
1052672 296.84068
1056768 166.888185714
1060864 231.8923
1064960 194.2671
1069056 201.5678
1073152 174.2313
1077248 172.585483333
1081344 176.83614
1085440 118.895375
1089536 168.03136
1093632 201.8146125
1097728 153.043666667
1101824 197.3781
1105920 129.1212
1110016 219.62868
1114112 301.2493875
1118208 194.29036
1122304 152.5162
1126400 190.28818
1130496 262.011914286
1134592 158.2755
1138688 246.7178
1142784 231.383442857
1146880 192.893375
1150976 198.264557143
1155072 201.3935875
1159168 204.6644
1163264 182.16675
1167360 285.0749
1171456 180.256718182
1175552 267.558685714
1179648 219.19065
1183744 366.843166667
1187840 159.8542
1191936 263.48998
1196032 171.07945
1204224 159.228
1208320 197.816366667
1212416 237.205866667
1216512 240.360266667
1224704 257.690566667
1228800 355.395233333
1232896 206.359325
1236992 172.7605
1241088 193.424033333
1245184 160.6205
1249280 395.4897
1253376 223.62275
1261568 215.11915
1265664 207.1099
1269760 203.939233333
1273856 303.6663
1277952 163.848
1282048 263.97555
1286144 432.4496
1290240 744.0023
1294336 227.917807143
1298432 260.705166667
1302528 379.153271429
1306624 316.074283333
1310720 221.97558
1314816 206.73534
1318912 198.307466667
1323008 232.9466
1327104 167.7386
1331200 167.7416
1335296 190.72875
1339392 351.6812
1343488 231.5871
1347584 204.47358
1351680 341.8961
1355776 310.7975
1359872 187.231533333
1363968 118.5753
1368064 173.6492
1372160 449.6525
1376256 440.96726
1380352 254.9617
1384448 253.8701
1388544 189.77135
1392640 227.665966667
1396736 172.964125
1400832 248.329075
1404928 213.238825
1409024 310.201425
1413120 172.9168
1417216 318.114233333
1421312 1489.9774
1425408 331.2121
1429504 124.4038
1433600 228.178425
1437696 153.91335
1441792 181.791175
1445888 291.1855
1449984 178.26835
1454080 332.1469
1458176 309.07865
1462272 286.563933333
1466368 318.991233333
1470464 298.32815
1474560 438.45645
1478656 296.95405
1482752 300.6278
1486848 270.4163
1490944 252.4422
1495040 235.86535
1499136 178.9381
1503232 126.6098
1507328 306.6723
1511424 382.554
1515520 202.3539
1519616 261.729875
1523712 171.071633333
1527808 209.8994
1536000 233.7863
1540096 248.933928571
1544192 266.1798
1548288 227.559766667
1556480 191.9416
1560576 315.330333333
1564672 392.4885
1568768 310.9284
1572864 424.547133333
1576960 186.2527
1581056 272.647533333
1585152 227.5319
1589248 203.6344
1593344 277.16142
1597440 135.6736
1605632 193.2323
1609728 251.2159
1617920 302.8816
1622016 245.9719
1626112 138.3677
1630208 196.5971
1634304 226.485733333
1638400 166.0562
1642496 197.002
1646592 247.3511
1650688 220.4755
1654784 199.7209
1658880 341.7056
1662976 248.394716667
1667072 200.69715
1683456 322.628866667
1687552 319.843
1691648 321.236933333
1695744 267.5263
1699840 317.6562
1703936 311.079133333
1708032 597.9209
1712128 491.838
1716224 286.28755
1720320 335.96235
1724416 237.071733333
1728512 381.0985
1732608 282.4474
1748992 428.3829
1753088 256.5477
1757184 203.3052
1761280 342.6592
1765376 231.28605
1769472 435.305
1773568 321.0756
1777664 332.38072
1785856 319.045309091
1789952 317.081766667
1798144 208.5372
1802240 393.0154
1806336 344.24525
1810432 275.248366667
1814528 342.22805
1818624 216.1425
1822720 264.0475
1826816 334.2732
1835008 327.1068
1839104 360.3318
1843200 394.32865
1847296 240.872
1851392 305.92005
1859584 579.637866667
1863680 320.0909
1867776 309.92
1871872 287.25385
1875968 462.997466667
1880064 291.7107
1884160 301.8889
1896448 292.5533
1900544 221.109
1904640 311.82808
1908736 338.396211111
1916928 299.2016
1921024 667.5787
1925120 558.1715
1929216 257.828833333
1933312 398.7395
1937408 358.295764286
1941504 230.441
1945600 406.22395
1949696 215.5757
1953792 403.7486
1957888 311.739433333
1961984 518.6986
1966080 290.5359
1970176 403.85882
1974272 339.0058
1978368 279.9584
1986560 381.9633
1990656 344.4073
2002944 533.5144
2007040 273.88322
2011136 538.4742
2019328 388.4039
2023424 225.5792
2027520 398.72395
2031616 362.736386111