16 0 0 68706 68706 0 0 0 0
20 0 0 2 2 0 0 8 16
25 0 0 14 14 0 0 0 0
32 0 0 413 413 0 0 0 0
40 0 0 15 15 0 0 0 0
50 0 0 1 1 0 0 3 6
63 0 0 1 1 0 0 1 2
79 0 0 5 5 0 0 0 0
100 0 0 1 1 0 0 0 0
126 0 0 0 0 0 0 224 448
158 0 0 0 0 0 0 2 4
200 0 0 0 0 0 0 2 4
251 0 0 0 0 2 2 19 38
316 0 0 0 0 0 0 17 34
398 0 0 1 1 19 1 21 42
501 0 0 0 0 25 1 15 30
631 0 0 0 0 4 0 14 28
794 0 0 1 1 4 3 18 36
1000 0 0 1 1 4 1 6 12
1259 0 0 1 1 3 0 1 2
1585 0 0 0 0 1 0 3 6
1995 0 0 0 0 1 0 0 0
3162 0 0 1 1 0 0 0 0
5012 0 0 0 0 0 0 1 2
6310 0 0 52 52 1 0 0 0
7943 0 0 0 0 0 0 5 10
10000 0 0 1 1 0 0 0 0
12589 0 0 1 1 0 0 1 2
15849 0 0 2 2 0 0 1 2
19953 0 0 1 1 0 0 0 0
25119 0 0 1 1 5 1 1 2
31623 0 0 80 80 1 0 0 0
39811 0 0 27 27 7 0 3 6
50119 0 0 387 387 8 2 8 16
63096 0 0 48769 48769 27 1 0 0
79433 0 0 2 2 10 3 2 4
100000 0 0 54 54 43 9 0 0
125893 0 0 1 1 29 2 1 2
158489 0 0 5 5 32 6 5 10
199526 0 0 116624 116624 9 0 0 0
251189 0 0 52 52 3 0 3 6
316228 0 0 720 720 11 6 0 0
398107 0 0 133 133 15 2 0 0
501187 0 0 0 0 0 0 4 8
630957 0 0 0 0 5 1 0 0
794328 0 0 2 2 96 7 1 2
1000000 0 0 138553 138553 113 13 1 2
1258925 0 0 0 0 14 1 2 4
1584893 0 0 7544 7544 9 1 1 2
1995262 0 0 0 0 25 1 0 0
2511886 0 0 0 0 5 0 0 0
3162278 0 0 0 0 1 0 0 0
3981072 0 0 316 316 2 0 0 0
5011872 0 0 0 0 2 0 1 2
6309573 0 0 12 12 0 0 0 0
10000000 0 0 0 0 7 0 397 794
12589254 0 0 0 0 2 0 0 0
15848932 0 0 0 0 45 6 299 598
19952623 0 0 0 0 394 52 0 0
25118864 0 0 0 0 141 11 57 114
31622777 0 0 0 0 13 1 13 26
39810717 0 0 0 0 547 47 0 0
50118723 0 0 0 0 110 13 1 2
63095734 0 0 0 0 3 0 0 0
79432823 0 0 0 0 3 0 0 0
100000000 0 0 0 0 64 5 1 2
125892541 0 0 0 0 2891 308 226 452
158489319 0 0 1 1 0 0 0 0
