0.01 1 1.00096084724 1.0 1.09627727856
0.05 1 1.00497657253 1.09627727856 1.19255455712
0.1 1 1.01060109114 1.19255455712 1.28883183569
0.15 1 1.01735012837 1.19255455712 1.28883183569
0.3 1 1.04135205391 1.28883183569 1.48138639281
0.01 2 1.0025986534 1.08782201405 1.1756440281
0.05 2 1.01400761124 1.1756440281 1.35128805621
0.1 2 1.02921399297 1.35128805621 1.52693208431
0.15 2 1.04634016394 1.35128805621 1.52693208431
0.3 2 1.11145228337 1.61475409836 1.79039812646
0.01 4 1.00744696215 1.29880478088 1.29880478088
0.05 4 1.03745443227 1.29880478088 1.44820717131
0.1 4 1.07544895418 1.44820717131 1.59760956175
0.15 4 1.11552838645 1.52290836653 1.67231075697
0.3 4 1.24460831673 1.74701195219 1.97111553785
0.01 8 1.01311694785 1.34509202454 1.34509202454
0.05 8 1.06473351227 1.40260736196 1.46012269939
0.1 8 1.12599827454 1.46012269939 1.57515337423
0.15 8 1.18760525307 1.57515337423 1.69018404908
0.3 8 1.37587710889 1.86273006135 2.09279141104
0.01 16 1.01236239496 1.23634453782 1.27573529412
0.05 16 1.06082720588 1.31512605042 1.35451680672
0.1 16 1.1224690126 1.39390756303 1.47268907563
0.15 16 1.18392331933 1.47268907563 1.59086134454
0.3 16 1.39231617647 1.78781512605 1.94537815126
0.01 32 1.01137516108 1.1449742268 1.16913659794
0.05 32 1.05762749678 1.21746134021 1.26578608247
0.1 32 1.11808561533 1.31411082474 1.36243556701
0.15 32 1.18130863402 1.41076030928 1.45908505155
0.3 32 1.40672229382 1.72487113402 1.84568298969
