0.01 1 1.0302972561 4.00866495507 4.00866495507
0.05 1 1.1570823973 4.00866495507 7.01732991014
0.1 1 1.33666960847 4.00866495507 7.01732991014
0.15 1 1.52729862002 7.01732991014 10.0259948652
0.3 1 2.31216904685 10.0259948652 16.0433247754
0.01 2 1.06343752049 4.56879391101 4.56879391101
0.05 2 1.32201599532 4.56879391101 7.31323185012
0.1 2 1.65616194087 7.31323185012 10.0576697892
0.15 2 2.02088979216 7.31323185012 11.8899297424
0.3 2 3.34892640808 12.8021077283 18.2909836066
0.01 4 1.11056330677 4.03560756972 4.03560756972
0.05 4 1.53550376992 5.44472111554 6.37001992032
0.1 4 2.05801618526 6.37001992032 8.70443227092
0.15 4 2.58428430777 8.55502988048 11.0388446215
0.3 4 4.3465062998 13.2238545817 18.6685756972
0.01 8 1.16186721817 3.33723159509 3.81959355828
0.05 8 1.74332056748 4.9620398773 5.98945552147
0.1 8 2.35113608321 5.67446319018 7.89666411043
0.15 8 2.90614353911 7.24175613497 9.57898773006
0.3 8 4.68865361197 11.4913726994 15.1435966258
0.01 16 1.20715503283 2.60070903361 3.7287289916
0.05 16 1.85933929884 4.04385504202 5.23542542017
0.1 16 2.45110178834 5.32943802521 6.59978991597
0.15 16 2.99760966912 6.56039915966 8.23988970588
0.3 16 4.95936918199 10.7018119748 13.6158088235
0.01 32 1.22993137967 2.65898840206 3.00660438144
0.05 32 1.91071985422 3.94015786082 4.89787371134
0.1 32 2.62380209729 5.35365657216 6.50467139175
0.15 32 3.37564603818 6.70731314433 8.11863724227
0.3 32 6.2896256548 11.7177029639 14.1109052835
