0.01 1 1.01120092379 1.0 2.15473441109
0.05 1 1.06207852194 2.15473441109 3.30946882217
0.1 1 1.12609699769 2.15473441109 3.30946882217
0.15 1 1.20122401848 3.30946882217 4.46420323326
0.3 1 1.49129330254 4.46420323326 6.77367205543
0.01 2 1.50220411664 2.34305317324 2.34305317324
0.05 2 1.57438250429 2.34305317324 3.20068610635
0.1 2 1.67703259005 3.20068610635 4.05831903945
0.15 2 1.78475986278 4.05831903945 4.91595197256
0.3 2 2.21873070326 5.77358490566 7.48885077187
0.01 4 1.49614189128 2.20724801812 2.52774631937
0.05 4 1.59686394111 2.60362400906 3.16987542469
0.1 4 1.73100585504 3.16987542469 3.73612684032
0.15 4 1.87764429219 3.66024915062 4.30237825595
0.3 4 2.4308496829 4.86862967157 6.49150622877
0.01 8 1.31108691166 1.8084962913 2.04450438301
0.05 8 1.4327476062 2.23533378287 2.5724881996
0.1 8 1.59288972353 2.61766689144 3.14565070802
0.15 8 1.7627437559 3.10047201618 3.72960215779
0.3 8 2.39435993257 4.44908968307 5.46055293324
0.01 16 1.18115370481 1.44688781215 1.63324636601
0.05 16 1.29146591502 1.86284010436 2.1546775997
0.1 16 1.44573302274 2.23555721208 2.57696608274
0.15 16 1.62046808051 2.57696608274 2.96831904584
0.3 16 2.29068635483 3.77562430116 4.38427133805
0.01 32 1.10676702538 1.2915601023 1.40645288216
0.05 32 1.2196457289 1.61302380484 1.80916781428
0.1 32 1.37879039544 1.93370057053 2.15345268542
0.15 32 1.55865035215 2.22880188865 2.49773755656
0.3 32 2.24034086366 3.28113318906 3.70725949243
