0.01 1 1.01163026521 1.0 2.17004680187
0.05 1 1.06173166927 2.17004680187 3.34009360374
0.1 1 1.13061232449 3.34009360374 3.34009360374
0.15 1 1.20764820593 3.34009360374 4.51014040562
0.3 1 1.49896645866 4.51014040562 6.85023400936
0.01 2 1.37833687566 2.15940488842 2.15940488842
0.05 2 1.44497608927 2.15940488842 2.9564293305
0.1 2 1.5406349628 2.9564293305 3.75345377258
0.15 2 1.64671891605 3.75345377258 4.55047821467
0.3 2 2.04325451647 5.34750265675 6.94155154091
0.01 4 1.26916689812 1.92926670993 1.92926670993
0.05 4 1.35845213498 2.22128487995 2.70798182998
0.1 4 1.47691152498 2.70798182998 3.19467878001
0.15 4 1.60571791045 2.90266060999 3.68137573005
0.3 4 2.08036907203 4.16807268008 5.5574302401
0.01 8 1.16121566946 1.53739511127 1.71652681503
0.05 8 1.2503958008 1.8259759212 2.12440715067
0.1 8 1.36888215615 2.20904779278 2.57716161985
0.15 8 1.49937983948 2.4976286027 2.94527544692
0.3 8 1.98785457862 3.59211966436 4.37322145202
0.01 16 1.09911470336 1.46955845166 1.77455747909
0.05 16 1.1967426668 1.80373468197 1.94962069636
0.1 16 1.32094167283 1.94962069636 2.18303831939
0.15 16 1.45090209298 2.17253452636 2.45633145302
0.3 16 1.92854659405 3.02664851196 3.49873565454
0.01 32 1.08770290715 1.79287798008 1.88341213158
0.05 32 1.25888104416 1.91359018207 2.01921335882
0.1 32 1.41777498743 2.00412433357 2.1330852027
0.15 32 1.53683384971 2.09747510311 2.27713509707
0.3 32 1.93174984106 2.65717734634 2.93702846796
