0.01 1 1.00360969977 1.34642032333 1.34642032333
0.05 1 1.01809699769 1.34642032333 1.69284064665
0.1 1 1.0381408776 1.34642032333 1.69284064665
0.15 1 1.06088683603 1.69284064665 2.03926096998
0.3 1 1.1502113164 2.03926096998 2.73210161663
0.01 2 1.00812006861 1.51457975986 1.51457975986
0.05 2 1.04031217839 1.51457975986 1.77186963979
0.1 2 1.08267753002 1.77186963979 2.02915951973
0.15 2 1.12822555746 1.77186963979 2.28644939966
0.3 2 1.29782590052 2.28644939966 3.05831903945
0.01 4 1.00869762174 1.33975084938 1.33975084938
0.05 4 1.04414552661 1.50962627407 1.67950169875
0.1 4 1.09275537939 1.50962627407 1.84937712344
0.15 4 1.14482219706 1.67950169875 2.01925254813
0.3 4 1.34162287656 2.18912797282 2.69875424689
0.01 8 1.00917599461 1.20229265003 1.20229265003
0.05 8 1.04773600809 1.30343897505 1.40458530007
0.1 8 1.10006810519 1.40458530007 1.6068779501
0.15 8 1.15731490223 1.6068779501 1.80917060013
0.3 8 1.37726466622 2.01146325017 2.31490222522
0.01 16 1.00969045844 1.11181513231 1.16772269847
0.05 16 1.04982426388 1.22363026463 1.27953783079
0.1 16 1.10476239285 1.33544539694 1.44726052926
0.15 16 1.1665413716 1.44726052926 1.61498322773
0.3 16 1.40051733134 1.89452105852 2.06224375699
0.01 32 1.00988884517 1.05902026362 1.08853039544
0.05 32 1.0510897108 1.17706079087 1.2360810545
0.1 32 1.10788638599 1.26559118631 1.35412158174
0.15 32 1.17053255951 1.38363171355 1.47216210899
0.3 32 1.41461410584 1.76726342711 1.88530395436
