0.01 1 1.03021645866 3.92511700468 3.92511700468
0.05 1 1.15312987519 3.92511700468 6.85023400936
0.1 1 1.32386895476 6.85023400936 6.85023400936
0.15 1 1.51563962558 6.85023400936 9.77535101404
0.3 1 2.24811817473 9.77535101404 15.6255850234
0.01 2 1.04053805526 2.67375132837 3.35494155154
0.05 2 1.20835927736 3.35494155154 5.34750265675
0.1 2 1.43306757705 5.34750265675 7.34006376196
0.15 2 1.67179679065 5.34750265675 8.651434644
0.3 2 2.57577023379 9.33262486716 13.3177470776
0.01 4 1.04665523037 2.43802725503 2.43802725503
0.05 4 1.23823063595 3.26541207008 3.68137573005
0.1 4 1.48292136275 3.68137573005 4.89811810513
0.15 4 1.73923328358 4.67683322518 6.11486048021
0.3 4 2.66711490591 7.33160285529 10.5658663206
0.01 8 1.04627066764 1.80846406421 2.27362276541
0.05 8 1.22414481576 2.39802991609 3.06712878511
0.1 8 1.44396041591 2.98759576797 3.78110178767
0.15 8 1.67976365195 3.6716526815 4.69901495804
0.3 8 2.57014906603 5.95767967895 7.66909886903
0.01 16 1.05737036958 1.69500097257 1.88465279129
0.05 16 1.25793593464 2.06769111068 2.44038124878
0.1 16 1.48530407119 2.50671075666 3.10348181288
0.15 16 1.71943014394 3.08753160864 3.70958957401
0.3 16 2.63942907995 4.95234390196 6.10348181288
0.01 32 1.0730908651 1.49180162961 1.60225329444
0.05 32 1.29129988331 1.84709787748 2.07001307716
0.1 32 1.51452563927 2.2545015592 2.58374409013
0.15 32 1.74759414043 2.67427824163 3.05562820642
0.3 32 2.67914750126 4.26415853536 4.95070918419
