0.01 1 1.02928117783 1.0 4.0311778291
0.05 1 1.15725750577 4.0311778291 7.0623556582
0.1 1 1.34088625866 7.0623556582 10.0935334873
0.15 1 1.53803406466 7.0623556582 10.0935334873
0.3 1 2.30173931871 10.0935334873 16.1558891455
0.01 2 1.04617004288 3.73670668954 3.73670668954
0.05 2 1.24064103774 3.73670668954 5.98799313894
0.1 2 1.50537081475 5.98799313894 8.23927958834
0.15 2 1.79140698113 5.98799313894 9.74785591767
0.3 2 2.81621059176 10.4905660377 14.9931389365
0.01 4 1.06322915062 2.80690826727 2.80690826727
0.05 4 1.3190157248 3.95356738392 4.61381653454
0.1 4 1.63436453001 4.44394110985 6.10022650057
0.15 4 1.96490233296 5.60985277463 7.4167610419
0.3 4 3.13042357305 8.90317100793 12.3663646659
0.01 8 1.07039169252 2.07585974376 2.75859743763
0.05 8 1.33912008092 2.94942683749 3.83445718139
0.1 8 1.66712489211 3.82299393122 4.80917060013
0.15 8 1.99509359407 4.70802427512 5.8850303439
0.3 8 3.21011049562 7.65509103169 9.81827376939
0.01 16 1.07507098397 1.59467014536 2.07118896757
0.05 16 1.36205656728 2.56038017145 3.09914275065
0.1 16 1.70614129147 3.20462169214 4.07118896757
0.15 16 2.05790000932 4.01024972046 4.93775624301
0.3 16 3.37350445211 6.56671636228 7.92377935147
0.01 32 1.08022700866 1.56206964391 1.81693881566
0.05 32 1.38112176176 2.18315955145 2.61105646272
0.1 32 1.74333012198 2.84644894747 3.32667715916
0.15 32 2.117733313 3.47422781822 4.02016525674
0.3 32 3.48566851958 5.72712964785 6.67814282904
