0 1.9526639555
4096 2.5413763878
8192 3.49067195689
12288 4.57756995662
16384 5.52217824773
20480 6.4340726257
24576 7.17283412322
28672 8.15935
32768 9.04939037433
36864 11.1420698758
40960 13.0005655738
45056 13.1219381443
49152 13.3893870968
53248 15.7530985915
57344 20.2082153846
61440 19.1884519231
65536 20.0593054726
69632 17.718462963
73728 21.261115942
77824 21.6905581395
81920 24.8687972973
86016 21.6471395349
90112 23.573097035
94208 25.8295
98304 27.3500232558
102400 38.15705
106496 30.5969583333
110592 27.8363522727
114688 35.4954677419
118784 33.6218214286
122880 38.3338571429
126976 33.6138125
131072 54.7855134698
135168 35.4598823529
139264 31.7972
143360 41.0956
147456 33.3991333333
151552 33.472
155648 35.42475
159744 38.8575
163840 36.724
167936 36.7006666667
172032 38.1618
176128 42.6239166667
180224 40.0975
184320 45.888
188416 42.1067142857
192512 46.9115333333
196608 43.83875
200704 43.5261666667
204800 52.9694
208896 45.678
212992 56.067
217088 69.8035
221184 48.1034285714
225280 49.6927272727
229376 51.7929189189
233472 54.7653846154
237568 55.6573636364
241664 60.4094210526
245760 53.98
249856 54.7786666667
253952 60.4288297872