0 1.89162941835
4096 2.56572234104
8192 3.43229954459
12288 4.48600078927
16384 5.36603976073
20480 6.28677337734
24576 6.93930585106
28672 7.97148674699
32768 9.3266247191
36864 10.2903558824
40960 11.1686781609
45056 13.4108115183
49152 15.9582645161
53248 15.4421184211
57344 17.2557699115
61440 19.1752526316
65536 18.9481932773
69632 22.007920354
73728 21.7546483516
77824 20.92471875
81920 26.3050727273
86016 22.2716233766
90112 25.1066941176
94208 25.0462027027
98304 27.5478644068
102400 26.1977142857
106496 28.4980555556
110592 30.084375
114688 32.3377176471
118784 29.9168070175
122880 33.7356666667
126976 32.987244898
131072 32.18215089
135168 31.3180833333
139264 34.1852631579
143360 40.7473333333
147456 36.4064705882
151552 38.1898571429
155648 36.55575
159744 40.7721612903
163840 40.2757391304
167936 37.1214
172032 41.2848333333
176128 43.2909047619
180224 41.9458125
184320 45.5436956522
188416 48.8251818182
192512 45.31232
196608 53.711625
200704 47.6906363636
204800 48.4201818182
208896 53.0901818182
212992 46.4914285714
217088 54.7903333333
221184 48.5827142857
225280 54.00025
229376 53.895
233472 58.3814
237568 59.63
241664 54.0777916667
245760 52.953
249856 60.028
253952 60.3088619855