0 1.90737545901
4096 2.68065125259
8192 3.44578326319
12288 4.46630517827
16384 5.36473021583
20480 6.45430834753
24576 7.04535479042
28672 8.1539501385
32768 9.04023398517
36864 11.0832954925
40960 11.967212766
45056 13.7326442953
49152 14.1805047319
53248 16.959183908
57344 17.8561240876
61440 19.5514930212
65536 20.6397888318
69632 24.0684795009
73728 24.356398374
77824 27.7576914286
81920 30.2360684932
86016 34.537875
90112 28.87055
94208 31.35725
98304 33.725929078
102400 35.3248219178
106496 44.3133064516
110592 35.7801530612
114688 42.9820416667
118784 44.0951566265
122880 45.8077622378
126976 43.5235508982
131072 48.6903742701
135168 30.5985
139264 31.436
147456 39.29
151552 33.9001428571
155648 34.335
159744 43.3023333333
163840 35.4655
167936 36.6343333333
172032 36.824
180224 39.42925
184320 40.186
188416 40.994
192512 44.888
200704 44.609
204800 44.1195
208896 47.007
212992 46.107
217088 53.7335
221184 49.036
229376 59.7014
233472 64.5326666667
237568 51.4695
241664 56.6219090909
249856 71.8006
253952 57.6992307692