4096 1.81592730974
8192 2.8159296982
12288 3.8676914294
16384 5.07392846969
20480 6.30050691028
24576 7.01276409496
28672 8.36950832778
32768 19.7667486611
36864 9.28879120879
40960 10.2482290076
45056 11.1990192644
49152 12.5498327974
53248 14.5980344828
57344 16.1322406015
61440 18.4628066298
65536 19.8528127429
69632 22.0283596982
73728 24.0334952713
77824 26.0077227861
81920 27.6296301983
86016 29.1125695793
90112 30.430047532
94208 32.6789746193
98304 38.3017892791
102400 35.4973982301
106496 36.5873061224
110592 32.8978709677
114688 38.1312
118784 38.8704
122880 39.9013333333
126976 44.4725294118
131072 58.1199521912
135168 51.8867636364
139264 52.492
143360 48.1585945946
147456 62.1668421053
151552 55.7957142857
155648 53.1431428571
159744 55.6266666667
163840 68.5597241379
167936 65.7566060606
172032 62.8361904762
176128 77.5991111111
180224 70.5145
184320 62.8144615385
188416 71.5869473684
192512 81.4173913043
196608 85.9085106383
200704 88.875826087
204800 80.7756190476
208896 74.5812631579
212992 76.8594
217088 66.3076363636
221184 68.9850909091
225280 68.9315555556
229376 85.4854339623
233472 92.74
237568 72.9308571429
241664 106.324
245760 77.5451428571
249856 81.628
253952 82.0951111111
258048 82.8456666667
262144 101.10643038
266240 93.96
270336 103.38
274432 116.523466667
278528 108.150222222
282624 133.2632
286720 86.964
290816 96.1505
294912 150.68914845
299008 121.068666667
303104 65.6526666667
307200 112.0536
311296 137.671333333
315392 98.8777777778
319488 121.97
323584 109.103
327680 162.206005917
331776 94.975
335872 111.25
339968 111.392
344064 142.864
348160 166.618666667
352256 100.75
356352 142.238857143
360448 153.87077551
364544 110.493714286
368640 115.5048
372736 135.490909091
376832 180.0952
380928 117.184888889
385024 180.761818182
389120 162.304
393216 171.647348837
397312 121.342222222
401408 132.251333333
405504 210.416
409600 144.780571429
413696 181.127333333
417792 110.046
421888 87.9586666667
425984 283.002923077
430080 200.226
434176 152.971333333
438272 222.8045
442368 198.251428571
446464 149.009
450560 160.325
454656 168.565333333
458752 164.264444444
462848 191.276
466944 258.192
471040 203.634666667
475136 201.590666667
479232 162.521714286
483328 216.614
487424 207.117
491520 186.358153846
495616 180.076
499712 150.208
503808 143.158666667
507904 217.5965
512000 216.9664
516096 189.146666667
520192 162.636
524288 212.704763838
528384 282.048666667
532480 250.7496
536576 210.542666667
540672 235.364
544768 163.57
548864 166.744
552960 275.172
557056 220.566666667
561152 201.607428571
565248 299.334
569344 212.745333333
573440 251.5056
577536 373.698666667
581632 201.705
589824 213.252555556
598016 265.984
602112 127.436
606208 182.15
610304 279.797
614400 211.9576
618496 193.622
622592 285.35125
634880 219.877714286
638976 357.516
643072 296.208
647168 206.858
651264 280.345333333
655360 283.93775
659456 333.511428571
663552 216.482
667648 197.364
671744 236.848666667
679936 270.2808
684032 308.46
688128 272.77425
692224 346.8
696320 372.2015
700416 284.864
704512 280.833714286
708608 397.184
712704 230.209333333
716800 273.98
720896 266.285659259
724992 295.97
729088 212.642
733184 198.024
737280 390.7936
741376 274.35
745472 338.188
749568 370.806
753664 368.292
757760 265.728
761856 291.682666667
765952 158.648
770048 387.512
774144 320.758
778240 313.598
786432 298.94
790528 164.64
794624 300.918909091
802816 320.951
806912 350.402
811008 353.502
815104 238.112
819200 384.498857143
823296 568.808
827392 261.696
835584 322.948
839680 356.903
843776 358.428
847872 310.96
851968 293.6042
856064 415.276
860160 304.636
864256 223.504
868352 179.828
872448 327.366
876544 226.336
880640 425.8424
884736 341.597278351
888832 338.765777778
892928 395.634666667
897024 244.810666667
901120 284.92
905216 351.39
909312 563.976
913408 530.487
917504 424.82516129
921600 467.931333333
925696 749.514
929792 289.914
933888 582.604
937984 389.799
942080 342.592
946176 248.396
950272 372.926883721
962560 413.448
966656 477.694666667
970752 829.616
974848 434.69
978944 321.638
983040 477.59568
991232 387.668
995328 696.002
999424 457.302
1003520 322.726
1015808 422.154447761
1019904 436.724
1028096 213.788
1032192 358.632
1036288 630.986
1040384 376.042
1044480 1902.664
1048576 728.605773691
1056768 352.04
1060864 387.296
1064960 495.3
1069056 460.0
1077248 521.086
1081344 437.258
1085440 326.92
1093632 293.882
1097728 582.268
1105920 426.852
1110016 531.242
1114112 334.544
1118208 666.058666667
1130496 436.636
1138688 279.42
1142784 571.948
1146880 566.014
1150976 732.136
1155072 419.319
1159168 865.448
1171456 816.454
1175552 481.976
1179648 510.556
1183744 378.004
1191936 540.31
1196032 423.156
1200128 533.236
1208320 486.611
1212416 1217.764
1220608 634.968
1224704 500.482
1232896 705.362
1249280 395.616
1253376 769.18
1257472 264.628
1265664 854.008
1269760 483.090666667
1273856 382.064
1277952 386.924
1286144 272.624
1294336 569.152
1298432 691.648
1302528 549.587
1306624 430.492
1310720 602.186
1318912 370.708
1323008 590.648
1327104 1001.144
1335296 580.634666667
1359872 291.568
1363968 655.46
1368064 1869.8
1380352 569.448
1384448 835.804
1392640 641.658
1409024 915.144
1413120 733.644
1417216 315.058
1425408 855.448
1429504 643.846
1437696 635.044
1445888 571.04
1458176 390.136
1470464 663.3
1478656 617.138
1490944 800.21
1499136 454.152
1507328 500.42
1515520 415.264
1523712 497.541333333
1527808 681.264
1531904 722.858
1536000 650.96
1540096 862.714
1544192 462.288
1556480 453.572
1568768 324.9
1576960 644.628
1581056 696.96
1589248 727.993333333
1593344 330.232
1609728 716.624
1617920 979.24
1646592 1440.444
1650688 587.521
1654784 1027.456
1662976 542.488
1667072 759.91
1671168 821.508
1675264 831.332
1683456 629.042
1691648 640.392
1699840 708.804
1703936 1510.344
1712128 594.876
1716224 422.126
1724416 1198.23
1728512 560.532
1736704 629.884
1757184 662.332
1761280 527.144
1773568 1391.588
1777664 670.63
1785856 819.9248
1789952 751.448
1810432 444.712
1826816 734.552
1830912 710.662666667
1835008 669.076
1839104 556.944
1843200 890.065263158
1847296 488.172
1851392 796.18
1863680 536.688
1871872 859.856
1875968 939.788
1880064 961.88
1888256 1263.072
1892352 539.996
1900544 627.724
1904640 861.748
1908736 1117.401
1912832 827.098
1916928 1201.732
1925120 1010.144
1937408 1013.53916667
1941504 651.464
1957888 538.996
1961984 1256.1
1966080 2458.722
1970176 764.421666667
1974272 1083.768
1990656 523.368
2002944 645.406
2023424 1075.476
2031616 1009.10996078