4096 2.50222486484
8192 3.411234427
12288 4.32153927057
16384 5.23295162983
20480 6.17864407017
24576 6.82092186723
28672 7.76561429062
32768 8.69302177524
36864 9.69703110576
40960 10.7492324227
45056 11.3898911056
49152 12.3646636088
53248 13.4305740604
57344 14.4578909225
61440 15.5753306661
65536 16.7318054388
69632 18.5064486008
73728 20.1285943277
77824 21.6442958596
81920 22.6850575326
86016 24.3757857236
90112 27.0573962628
94208 29.1653034196
98304 29.0256736559
102400 33.5589065397
106496 33.5649668002
110592 33.7969369003
114688 36.3134188189
118784 42.1910486521
122880 44.7767742211
126976 48.3044635939
131072 43.7541719686
135168 52.8848058994
139264 57.2420564403
143360 50.2385990053
147456 60.5282711983
151552 63.3267197509
155648 54.3509796438
159744 61.3725762144
163840 54.6304531331
167936 54.1077232838
172032 90.2376407407
176128 61.8146267281
180224 90.5446880973
184320 70.5794615385
188416 81.0887894356
192512 80.2365900802
196608 70.0320162945
200704 83.9543942652
204800 77.4293048897
208896 69.2660271868
212992 86.345438961
217088 65.4311972265
221184 90.5344328125
225280 110.758415652
229376 87.928243607
233472 73.1287520661
237568 77.5893544018
241664 95.8489248826
245760 95.315412993
249856 100.895453634
253952 87.6574658537
258048 93.2783927711
262144 79.5474865719
266240 89.5209304556
270336 90.8456117021
274432 101.774464029
278528 94.8673211679
282624 122.790657588
286720 101.502726619
290816 98.2654877049
294912 118.639432
299008 216.157653543
303104 78.4243060109
307200 75.5080422535
311296 161.384789831
315392 140.366344681
319488 146.563338624
323584 107.8625
327680 89.022
331776 91.6340136364
335872 113.048710059
339968 112.4177375
344064 139.122037975
348160 135.755245283
352256 176.116183432
356352 137.969824
360448 99.6418713235
364544 136.378129771
368640 108.006638462
372736 215.664922222
376832 168.73625
380928 193.539219048
385024 175.20675
389120 160.52264486
393216 97.1973664921
397312 164.873504762
401408 177.606666667
405504 316.693678899
409600 129.531579439
413696 104.17271134
417792 158.587863158
421888 154.036068627
425984 121.090979821
430080 200.559576087
434176 188.717044944
438272 185.439489362
442368 225.97712
446464 323.074106195
450560 149.142407767
454656 208.686857143
458752 117.742592105
462848 127.806102273
466944 129.088038462
471040 188.157207547
475136 200.054794521
479232 155.689805195
483328 445.183257143
487424 217.036544304
491520 131.300117904
495616 149.642607143
499712 188.711827586
503808 126.724870968
507904 177.911838235
512000 289.146910714
516096 211.386893939
520192 252.640824561
524288 130.584801624
528384 135.631645161
532480 219.761216667
536576 263.650946429
540672 193.437051724
544768 251.713319149
548864 138.922090909
552960 401.132487179
557056 175.878329016
561152 227.470329412
565248 204.508744186
569344 303.793631579
573440 454.897319444
577536 207.835753846
581632 183.334090909
585728 232.319759259
589824 162.038179389
593920 146.049446809
598016 342.645983607
602112 187.211422222
606208 213.31277551
610304 154.718119048
614400 182.817913793
618496 186.342534884
622592 171.184515284
626688 173.16627451
630784 226.881135135
634880 367.715132075
638976 177.107319149
643072 410.913090909
647168 351.341479167
651264 161.685513514
655360 156.212725728
659456 528.814878788
663552 568.571571429
667648 162.636526316
671744 265.029309524
675840 263.571694444
679936 253.631744681
684032 365.512454545
688128 206.18793609
692224 348.217233333
696320 181.906813953
700416 201.725583333
704512 435.375320755
708608 218.505724138
712704 209.614714286
716800 179.777285714
720896 212.981666667
724992 312.742258065
729088 255.224707317
733184 405.893710526
737280 432.18721875
741376 211.155257143
745472 288.294071429
749568 210.133489796
753664 177.253515152
757760 235.592
761856 659.382681818
765952 216.20735
770048 205.613730769
774144 191.863619048
778240 604.500846154
782336 432.92925
786432 270.539392405
790528 233.70185
794624 224.428409091
798720 219.346391304
802816 465.542825397
806912 256.351090909
811008 242.24202381
815104 258.32815
819200 196.696177778
823296 230.627708333
827392 304.783645161
831488 530.643384615
835584 441.617230769
839680 295.448
843776 415.637538462
847872 407.704272727
851968 210.232126761
856064 329.369826087
860160 254.06852
864256 233.566578947
868352 333.372380952
872448 233.16675
876544 222.165277778
880640 231.6246875
884736 240.552706897
888832 457.135625
892928 238.294607143
897024 499.6858
901120 418.102642857
905216 238.973176471
909312 505.41628
913408 276.670941176
917504 237.266722656
921600 409.830217391
925696 414.7844125
929792 359.820038462
933888 237.237740741
937984 360.811538462
942080 549.430392857
946176 629.4871
950272 299.134959128
954368 327.888848485
958464 790.896538462
962560 490.9201
966656 606.37685
970752 248.489
974848 265.48626087
978944 389.65956
983040 258.410151292
987136 875.117
991232 397.540258065
995328 249.361619048
999424 293.556
1003520 271.45565
1007616 535.240777778
1011712 394.544222222
1015808 265.375315315
1019904 846.71273913
1024000 323.315294118
1028096 294.4601875
1032192 236.700533333
1036288 399.729705882
1040384 276.800125
1044480 1624.77563158
1048576 276.096664699
1052672 283.6386
1056768 1153.90807407
1060864 556.674375
1064960 560.492785714
1069056 301.662769231
1073152 483.21
1077248 501.787816327
1081344 307.306444444
1085440 309.283529412
1089536 1097.14633333
1093632 329.2605
1097728 285.93085
1101824 398.4007
1105920 1050.04443478
1110016 771.31575
1114112 453.319083333
1118208 840.7775
1122304 422.419909091
1126400 384.066588235
1130496 316.151777778
1134592 313.910285714
1138688 543.3415625
1142784 321.872333333
1146880 598.32452
1150976 306.135555556
1155072 302.696428571
1159168 318.580222222
1163264 814.062416667
1167360 340.108857143
1171456 327.087521739
1175552 684.584923077
1179648 328.417548387
1183744 474.497888889
1187840 339.2452
1191936 1535.14666667
1196032 397.828642857
1200128 346.0825
1204224 747.142266667
1208320 694.702076923
1212416 1753.95175
1216512 760.158090909
1220608 302.1734
1224704 394.331625
1228800 439.529333333
1232896 1460.22706667
1236992 501.4242
1241088 1130.94025
1245184 334.334225
1249280 361.1573
1253376 353.387444444
1257472 342.221555556
1261568 550.486727273
1265664 388.3335
1269760 305.733333333
1273856 475.871
1277952 342.9196
1282048 368.40175
1286144 763.354111111
1290240 363.478083333
1294336 1122.36257692
1298432 349.948833333
1302528 428.833857143
1306624 1786.643875
1310720 369.741315789
1314816 348.852
1318912 540.091777778
1323008 721.607142857
1327104 1035.36063636
1331200 653.832692308
1335296 695.322142857
1339392 337.380727273
1343488 405.4601875
1347584 500.500666667
1351680 385.535916667
1355776 309.807875
1359872 744.59225
1363968 337.202666667
1368064 775.888833333
1372160 369.354666667
1376256 398.91385
1380352 450.2192
1384448 698.061857143
1388544 821.525857143
1392640 424.835428571
1396736 342.022222222
1400832 712.853
1404928 531.9364
1409024 386.902428571
1413120 385.064615385
1417216 380.588259259
1421312 1125.547125
1425408 740.729272727
1429504 1078.6339
1433600 406.780166667
1437696 381.780444444
1441792 564.6455
1445888 886.375769231
1449984 1873.4985
1454080 466.988428571
1458176 364.062555556
1462272 401.299461538
1466368 344.043
1470464 476.909
1474560 416.592291667
1478656 438.331166667
1482752 2200.1195
1486848 894.541333333
1490944 462.490909091
1495040 437.6816
1499136 437.835133333
1503232 388.503454545
1507328 641.0418
1511424 379.0305
1515520 432.768666667
1519616 461.9525
1523712 439.5355
1527808 426.2135
1531904 1129.33988889
1536000 380.364571429
1540096 603.201365854
1544192 1356.0668
1548288 1108.37757143
1552384 426.2265
1556480 454.933222222
1560576 486.9284
1564672 851.03925
1568768 490.392714286
1572864 455.219333333
1576960 366.377333333
1581056 348.928
1585152 406.617428571
1589248 453.1798
1593344 488.556111111
1597440 376.418833333
1601536 1116.381
1605632 892.734157895
1609728 1819.88975
1613824 602.86375
1617920 442.503125
1622016 420.40925
1626112 343.612
1630208 1930.34116667
1634304 629.8195
1638400 395.846
1642496 747.128285714
1646592 409.5625
1650688 521.278
1654784 513.8602
1658880 403.0105
1662976 665.035272727
1667072 706.299
1671168 409.4119
1675264 374.919666667
1679360 535.366416667
1683456 469.132333333
1687552 542.614333333
1691648 432.218833333
1695744 418.32775
1699840 472.052
1703936 456.5815
1708032 552.7182
1712128 400.611
1716224 378.154
1720320 420.694142857
1724416 1431.4282
1728512 1512.35983333
1732608 411.8164
1736704 514.933666667
1740800 559.564666667
1744896 480.0084
1748992 1078.13466667
1753088 678.6435
1757184 455.077
1761280 552.7225
1765376 519.07975
1769472 385.623125
1773568 436.825
1777664 518.528363636
1781760 505.941333333
1785856 935.428264706
1789952 472.176
1794048 435.362
1798144 439.701
1802240 776.657833333
1806336 452.0245
1810432 512.142833333
1814528 641.059125
1818624 502.890444444
1822720 6358.35433333
1826816 578.1465
1830912 444.447
1835008 624.557833333
1839104 534.257875
1843200 1166.55892145
1847296 484.518857143
1851392 1392.16693333
1855488 687.4094
1859584 2447.37542857
1863680 475.8506
1867776 656.331285714
1871872 725.419076923
1875968 897.4285
1880064 562.47975
1884160 863.033692308
1888256 431.640111111
1892352 509.3209
1896448 564.9538
1900544 442.6748
1904640 865.440923077
1908736 810.150207921
1912832 1398.11266667
1916928 465.0164
1921024 809.547428571
1925120 849.097758621
1929216 608.5328125
1933312 475.674625
1937408 1149.87278222
1941504 3966.4245
1945600 514.549777778
1949696 1310.002125
1953792 817.378777778
1957888 5547.9655
1961984 556.6272
1966080 5602.13633333
1970176 1171.47829245
1974272 646.813076923
1978368 1376.04275
1982464 1823.19242857
1986560 442.8544
1990656 1548.57545455
1994752 1717.3675
1998848 1033.90573333
2002944 971.388571429
2007040 1035.97216667
2011136 509.049666667
2015232 802.675
2019328 1788.091
2023424 2880.3175
2027520 466.58
2031616 1030.52415296
2064384 824.94225
2084864 484.932
2093056 435.52
2097152 554.143506849
2125824 446.833
2129920 454.472333333
2134016 458.297
2162688 537.3845
2170880 553.112
2179072 495.2185
2183168 466.632
2191360 808.449
2203648 473.461333333
2224128 522.432
2232320 504.975
2260992 496.216
2269184 472.717
2289664 479.752
2297856 478.403
2306048 484.496
2310144 483.688
2375680 524.298
2387968 536.815
2490368 686.998
2494464 769.754
2502656 663.722
2576384 606.923
2588672 560.372
2621440 1429.215125
2641920 697.342
2654208 611.727
2686976 873.355
2703360 556.744
2707456 976.442
2719744 643.298
2752512 586.868
2756608 577.951
2883584 723.296
2932736 605.306
3010560 624.732
3014656 643.332
3051520 632.999
3080192 684.588333333
3133440 1108.25
3145728 935.729
3149824 677.674
3256320 695.0805
3276800 767.928
3293184 761.288
3309568 1223.072
3321856 698.006
3424256 772.048
3477504 755.569
3543040 745.541
3620864 760.224
3670016 763.217
4165632 963.732
4562944 1076.167
5173248 1106.343
5332992 1215.988
5632000 1226.256
6782976 1851.112
8204288 1901.558
8380416 1769.904
9867264 2038.456
30900224 6672.993