4096 1.80715729221
8192 2.81580217143
12288 3.87117510189
16384 5.07839081463
20480 6.28048837209
24576 7.10505454545
28672 8.50575140665
32768 27.6514340472
36864 9.10886783042
40960 10.1872971576
45056 10.8350535714
49152 12.7445102506
53248 13.8451508121
57344 15.6191175258
61440 19.7450823529
65536 19.7249195752
69632 21.8615267431
73728 24.0355839574
77824 26.5740458221
81920 27.5432160414
86016 28.827843044
90112 31.5039744681
94208 34.222674772
98304 49.0695702479
102400 33.2872095808
106496 34.0278347107
110592 35.6856161616
114688 37.8637922078
118784 33.804
122880 47.5748292683
126976 46.0461960784
131072 70.350538206
135168 40.2412222222
139264 53.1229677419
143360 55.0627586207
147456 55.4008
151552 42.1634782609
155648 51.1012307692
159744 52.2589473684
163840 68.5445647059
167936 56.1262608696
172032 38.3604444444
176128 52.596
180224 52.0697142857
184320 70.5214545455
188416 63.7562352941
192512 60.0777777778
196608 82.32616
200704 62.7184
204800 64.668
208896 66.6511578947
212992 65.1110769231
217088 68.4955555556
221184 72.347
225280 77.0346666667
229376 112.045191489
233472 80.7407272727
237568 82.218
241664 67.0043076923
245760 97.7675
249856 62.1662222222
253952 94.7148
258048 81.8816666667
262144 99.303030303
266240 125.007333333
270336 86.941
274432 110.8925
278528 101.074
282624 117.092
286720 95.4928888889
290816 78.9944
294912 119.785714286
299008 84.345
303104 167.467
307200 120.757
311296 105.2165
315392 112.0192
319488 111.765333333
323584 110.7916
327680 129.446692308
331776 103.528
335872 102.506
339968 133.747
344064 122.336
348160 76.034
352256 110.3288
356352 156.54
360448 167.021777778
364544 133.918285714
368640 132.952
372736 136.295
376832 145.674
380928 113.933333333
385024 95.164
389120 198.9312
393216 166.892952381
397312 168.9288
401408 176.421333333
405504 88.124
409600 164.245714286
413696 155.684
417792 172.9008
425984 156.927764706
430080 237.332
434176 180.171
438272 194.157333333
442368 119.5056
446464 170.297
450560 107.8032
454656 140.074
458752 191.630526316
462848 111.662666667
466944 120.55
471040 197.9392
475136 206.848
479232 174.71
483328 142.62
487424 202.6064
491520 192.371243243
495616 219.913333333
499712 271.166
503808 172.998
507904 180.402285714
512000 167.856
516096 147.296
520192 210.672
524288 228.845783282
528384 216.3432
536576 182.976
540672 224.844
544768 176.038666667
552960 217.735
557056 230.144
561152 287.133714286
565248 165.017333333
569344 214.579
573440 239.357333333
577536 125.724
581632 171.628
585728 166.39
589824 247.81712
593920 178.922
598016 275.824
602112 258.216
606208 227.378666667
610304 285.349333333
614400 285.726666667
618496 280.424
622592 214.053333333
626688 221.908
630784 276.07
634880 322.043
638976 270.442666667
643072 420.36
647168 184.054
651264 204.9984
655360 275.58336
659456 179.548
663552 375.26
667648 252.261333333
675840 181.544
679936 227.603
684032 392.264
688128 277.46
692224 305.516
696320 280.524
700416 217.48
704512 191.132
708608 390.654
712704 215.696
716800 228.514
720896 269.47712
729088 295.964
733184 292.828
737280 278.262
741376 379.698
749568 340.72
753664 296.551692308
757760 157.256
761856 218.144
765952 354.042666667
770048 286.046666667
774144 264.76
778240 276.742
782336 552.428
786432 302.219733333
790528 427.49
794624 213.263
798720 210.436
802816 278.178
811008 313.221333333
815104 212.8
819200 346.371333333
823296 499.352
827392 294.46
831488 321.17
835584 293.546
839680 498.152
847872 353.315
851968 352.303
856064 442.562666667
860160 226.8
864256 298.108
868352 378.777333333
872448 203.912
880640 583.404
884736 310.182
888832 407.9984
892928 332.724
897024 309.397333333
901120 562.348
905216 424.68
909312 684.276
913408 498.064
917504 346.981043478
921600 457.556
925696 363.6064
929792 470.046666667
933888 438.038
937984 412.844
942080 445.414
946176 517.656
950272 554.546
954368 364.8655
962560 199.64
966656 363.016
970752 506.22
978944 590.836
983040 534.3392
991232 388.952
995328 502.068
1011712 488.852
1015808 319.645714286
1019904 433.324
1024000 453.728
1028096 515.044
1036288 352.906
1040384 446.702
1044480 217.384
1048576 595.08391358
1052672 333.82
1060864 269.344
1064960 458.2096
1077248 362.413
1085440 527.472
1089536 225.404
1093632 381.025333333
1101824 413.0
1114112 439.997333333
1122304 231.524
1130496 381.556
1142784 674.412
1159168 475.392
1167360 558.18
1171456 416.122666667
1175552 393.182
1179648 457.710666667
1183744 361.664
1187840 431.152
1191936 401.1
1196032 354.548
1200128 483.632
1208320 505.22
1224704 343.184
1228800 344.42
1232896 308.588
1236992 411.038
1241088 1256.652
1253376 362.416
1269760 262.184
1277952 265.088
1286144 447.028
1298432 724.6
1323008 683.524
1327104 384.708
1339392 406.368
1343488 524.944
1351680 558.02
1363968 476.732
1372160 418.54
1388544 341.716
1400832 550.872
1409024 1792.376
1421312 829.972
1429504 576.318666667
1445888 465.182
1449984 392.004
1458176 502.964
1462272 414.516
1466368 677.32
1474560 604.394
1486848 488.668
1490944 632.996
1511424 799.884
1536000 555.572
1540096 559.264
1544192 748.424
1552384 482.264
1556480 615.855
1564672 812.332
1589248 459.288
1613824 335.272
1617920 541.746
1630208 738.458
1638400 1066.32
1650688 429.744
1658880 1000.956
1662976 614.63
1667072 804.732
1683456 871.284
1695744 926.524
1703936 575.7
1712128 575.268
1716224 656.036
1732608 672.656
1744896 641.848
1753088 453.26
1765376 690.18
1785856 820.336
1794048 430.42
1798144 607.22
1810432 599.802
1822720 417.852
1843200 832.362666667
1875968 706.744
1888256 795.904
1896448 798.37
1908736 785.56
1912832 842.552
1916928 887.834666667
1929216 640.344
1937408 722.118285714
1970176 602.886
2007040 2033.76
2015232 858.42
2031616 891.469066667