4096 2.93310520503
8192 3.92699808722
12288 4.96317085436
16384 6.13758326533
20480 7.38670997305
24576 8.05135642905
28672 9.44184251158
32768 10.6004446268
36864 10.7162819905
40960 12.0577336449
45056 12.143476082
49152 15.1381121076
53248 16.4364411135
57344 18.8116348449
61440 18.7546567568
65536 20.8456529349
69632 23.1722585306
73728 24.8375245521
77824 27.4281633872
81920 29.1644168814
86016 29.0736924005
90112 31.06024197
94208 32.6946175549
98304 38.3223362832
102400 36.1477943262
106496 43.006858156
110592 40.1611919192
114688 42.7524942529
118784 49.3515
122880 41.557
126976 47.3146393443
131072 61.4744487875
135168 54.9711034483
139264 46.7066521739
143360 58.163
147456 54.2054583333
151552 47.1792068966
155648 63.7239166667
159744 54.92905
163840 67.1754444444
167936 51.382
172032 58.4976666667
176128 64.95025
180224 68.300625
184320 72.8002941176
188416 57.858
192512 79.6653636364
196608 82.3396
200704 62.7894
204800 92.3975384615
208896 73.3742105263
212992 77.3822727273
217088 97.8726666667
221184 81.509375
225280 89.3089230769
229376 118.81675
233472 66.77075
237568 93.5351111111
241664 78.246875
245760 76.7895
249856 108.65075
253952 114.662538462
258048 82.9209090909
262144 77.3244
266240 93.625625
270336 109.954545455
274432 124.191625
278528 106.482
282624 124.9342
286720 89.9287777778
290816 82.723
294912 129.329444444
299008 144.61175
303104 133.291222222
307200 120.1245
311296 129.051
315392 96.6583333333
319488 69.97825
323584 122.803833333
327680 126.672666667
331776 174.156833333
335872 123.58075
339968 102.902666667
344064 127.26
348160 176.268333333
352256 119.677285714
356352 78.347
360448 128.413
364544 187.195666667
368640 158.379
372736 139.908
376832 138.8665
380928 125.106
385024 149.7962
389120 176.4666
393216 109.47775
397312 131.156
401408 180.349
405504 148.032
409600 168.035666667
413696 254.016666667
417792 167.1376
421888 167.8062
425984 431.865
430080 130.178666667
434176 179.951428571
438272 195.075666667
442368 164.74
446464 145.44625
450560 213.331666667
454656 186.531
458752 169.2415
462848 149.743
466944 265.057333333
471040 138.707666667
475136 170.595333333
479232 210.901
483328 243.684
487424 156.435
491520 181.0134
495616 143.154
499712 173.464333333
503808 131.592
507904 192.200714286
512000 253.1158
516096 252.699714286
520192 158.764
524288 158.984
528384 112.1835
532480 231.560333333
536576 267.6155
540672 251.35275
544768 279.0595
548864 253.0685
552960 197.9855
557056 192.286333333
561152 266.4436
565248 252.3706
569344 208.20475
577536 260.026666667
581632 295.584
585728 277.849
589824 207.739
593920 201.8998
598016 206.477666667
602112 167.56775
606208 295.907333333
614400 195.729666667
622592 286.024666667
626688 231.463333333
634880 282.059428571
638976 207.815
643072 253.080666667
647168 247.68575
651264 258.516
655360 248.974
659456 212.033
663552 358.169
667648 280.265666667
671744 252.964666667
675840 308.648
679936 348.685857143
684032 293.9552
688128 273.49925
692224 216.637857143
696320 489.595
700416 323.701
704512 267.219
708608 281.9935
712704 312.758
716800 272.0374
720896 266.9214
724992 239.728
729088 315.432
733184 208.949
737280 446.062333333
745472 328.158
749568 211.839666667
753664 435.415
757760 246.011
761856 240.678
765952 235.3595
778240 278.039
790528 231.731
794624 285.859125
798720 443.942
802816 281.1
806912 414.383
811008 229.0765
815104 289.063
819200 288.272
823296 355.123
827392 361.525
831488 260.216333333
835584 183.415
839680 308.604
843776 508.5175
847872 370.1465
851968 177.322
856064 425.678
860160 376.0276
864256 296.815
872448 217.688666667
876544 377.799333333
880640 297.963
884736 520.1195
888832 435.475
892928 390.57325
897024 482.0065
913408 397.376
917504 453.449
921600 222.538333333
925696 337.3155
929792 363.631
933888 382.4545
942080 251.308
946176 368.074
950272 346.763
954368 381.7195
958464 307.39625
962560 579.544666667
966656 450.486
970752 500.515
978944 203.779
983040 470.5835
987136 456.327
991232 489.348
1003520 359.249
1007616 316.14
1011712 496.188
1015808 359.1948
1019904 651.913
1024000 361.051333333
1028096 349.6635
1032192 259.319
1036288 327.12
1040384 350.52
1044480 395.34
1048576 398.150705882
1056768 547.835
1060864 529.035
1064960 594.986666667
1069056 541.551
1073152 394.346
1077248 481.42
1081344 499.754
1085440 445.4575
1089536 508.015
1097728 556.649
1101824 427.115
1118208 503.732
1134592 500.005
1138688 329.918
1146880 339.412
1175552 551.605333333
1191936 779.279
1204224 346.039
1208320 350.439
1216512 1058.463
1232896 584.844
1236992 460.791
1245184 528.7775
1261568 470.219
1265664 437.515
1273856 671.42
1282048 390.648
1286144 512.715
1290240 490.722
1306624 778.344
1310720 589.619
1314816 377.314
1323008 654.0465
1327104 355.648
1335296 518.654
1351680 609.499
1363968 607.491
1376256 328.228
1388544 640.147
1392640 524.647
1417216 338.818
1425408 606.152
1429504 380.956
1433600 826.391333333
1445888 836.679
1449984 713.5525
1454080 403.648
1458176 700.997
1462272 573.829
1474560 584.103
1482752 728.2095
1486848 501.7695
1495040 709.328
1511424 528.075
1540096 530.648
1544192 428.924
1560576 1244.812
1593344 801.132
1609728 392.875
1622016 485.0705
1626112 775.236
1630208 570.355
1646592 927.622
1650688 599.747
1667072 1075.248
1675264 702.689
1679360 910.387
1683456 828.123666667
1708032 893.315
1720320 665.879
1740800 724.648
1748992 709.047
1781760 589.164
1798144 562.624
1810432 753.311666667
1818624 713.956
1839104 1077.244
1843200 587.713769231
1847296 620.417
1863680 1420.296
1871872 603.339
1875968 582.11
1896448 952.268
1908736 747.522
1912832 689.913
1916928 571.355
1921024 715.147
1937408 783.724333333
1970176 712.495
1986560 692.595
1998848 1439.649
2019328 824.768
2031616 1023.73453846