4096 2.47306671027
8192 3.38332404391
12288 4.28881715247
16384 5.19086746479
20480 6.1182272166
24576 6.73239264627
28672 7.62244186047
32768 13.1150046344
36864 9.48666778274
40960 10.4641708885
45056 11.0418397699
49152 12.0971653862
53248 13.1966961664
57344 14.1965814148
61440 15.386077397
65536 16.3704897278
69632 16.8418122789
73728 17.8835989063
77824 18.9742537291
81920 20.0664300469
86016 20.7728297531
90112 22.2387360496
94208 23.1013845109
98304 32.1415306122
102400 25.6400184995
106496 26.1479724221
110592 27.8278249641
114688 27.9122440678
118784 30.2537060998
122880 30.9042589641
126976 32.6376719818
131072 42.9994458509
135168 34.3958359133
139264 36.0244676806
143360 35.6207173913
147456 38.7592698413
151552 36.352456044
155648 40.0224528302
159744 41.1653293413
163840 63.9388351254
167936 41.9979538462
172032 44.2187980769
176128 43.4670810811
180224 47.9963873874
184320 45.7259545455
188416 49.485620155
192512 48.461937931
196608 65.4553875598
200704 50.01285
204800 47.8440434783
208896 51.7443137255
212992 55.5972241379
217088 52.1733673469
221184 55.253877193
225280 60.3557692308
229376 93.0443709677
233472 57.6786969697
237568 63.8107878788
241664 61.1340238095
245760 63.1382444444
249856 64.2781428571
253952 63.61621875
258048 65.481902439
262144 99.5904295302
266240 66.3336153846
270336 70.5457631579
274432 69.1722631579
278528 62.0654333333
282624 71.3481111111
286720 73.4162115385
290816 80.2068947368
294912 112.615736842
299008 77.39828125
303104 71.1275882353
307200 74.2207916667
311296 80.4734893617
315392 95.637972973
319488 84.8595882353
323584 87.36968
327680 113.5914
331776 90.5883333333
335872 83.7653684211
339968 84.5536086957
344064 84.0181666667
348160 109.162555556
352256 79.6724375
356352 86.5120625
360448 148.170790323
364544 95.3707916667
368640 83.3925
372736 99.3864285714
376832 87.09364
380928 80.9846363636
385024 98.365875
389120 95.496
393216 143.681075472
397312 91.7868181818
401408 101.909142857
405504 93.5816363636
409600 110.4812
413696 87.3556666667
417792 109.764888889
421888 121.65475
425984 178.143115385
430080 123.833875
434176 106.306129032
438272 122.7689375
442368 110.647772727
446464 111.104
450560 121.068538462
454656 119.792529412
458752 160.441030303
462848 104.051714286
466944 136.412307692
471040 104.12425
475136 110.8985
479232 122.546
483328 112.367083333
487424 134.966444444
491520 145.71379661
495616 113.307692308
499712 112.003333333
503808 122.025666667
507904 123.532846154
512000 125.1869
516096 139.5566
520192 138.7766
524288 194.398782609
528384 132.251333333
532480 150.366
536576 141.7682
540672 166.549363636
544768 144.792315789
548864 125.528222222
552960 125.1188
557056 191.284544118
561152 153.683133333
565248 153.3605
569344 143.948
573440 133.647642857
577536 145.56975
581632 133.0176
585728 138.568714286
589824 198.9404
593920 168.810363636
598016 161.341615385
602112 141.796642857
606208 172.135875
610304 146.730714286
614400 151.047833333
618496 146.1122
622592 222.071882353
626688 155.4768
630784 148.8774
634880 170.337923077
638976 220.843
643072 162.172888889
647168 174.849909091
651264 213.6524
655360 210.379236842
659456 171.8912
663552 171.840111111
667648 181.236
671744 180.836
675840 182.511
679936 172.327619048
684032 168.6582
688128 216.42136
692224 215.75775
696320 187.250444444
700416 197.608
704512 189.508947368
708608 214.711875
712704 191.01775
716800 160.14
720896 233.260652174
724992 160.6182
729088 173.70775
733184 152.752666667
737280 203.617714286
741376 169.651833333
745472 174.5086
749568 163.4175
753664 240.413277778
757760 192.779555556
761856 188.985833333
765952 185.24425
770048 259.8175
774144 232.4955
778240 196.317555556
782336 207.3928
786432 233.474083333
790528 206.667125
794624 212.009
798720 233.8095
802816 190.733227273
806912 207.483
811008 206.028333333
815104 201.189894737
819200 241.357925926
823296 184.531428571
827392 223.4647
831488 254.8327
835584 219.130090909
839680 246.578
843776 203.814142857
847872 176.865
851968 301.067428571
856064 236.733
860160 213.66
864256 197.925428571
868352 227.422625
872448 258.89775
876544 221.2448
880640 208.7355
884736 285.079105263
888832 227.307066667
892928 210.117714286
897024 250.0593125
901120 216.423833333
905216 235.574571429
909312 219.3545
913408 212.343
917504 234.170421053
921600 231.140714286
925696 225.602037037
929792 283.0175
933888 230.866866667
937984 220.13095
942080 313.347875
946176 235.8058
950272 282.602
954368 230.0204
958464 247.743
962560 259.44625
966656 243.51
970752 209.187375
974848 235.711538462
978944 237.426
983040 332.941136364
987136 247.286083333
991232 242.710363636
995328 309.549
999424 233.6794
1003520 265.054571429
1007616 274.34775
1011712 248.645
1015808 240.562769231
1019904 247.2757
1024000 246.895727273
1028096 263.9506
1032192 240.592857143
1036288 252.433833333
1040384 255.117125
1044480 255.509
1048576 248.175098985
1052672 269.60725
1056768 295.279285714
1060864 268.891875
1064960 270.382875
1069056 256.009909091
1073152 281.142272727
1077248 280.0265625
1081344 236.482625
1085440 272.6168
1089536 314.467777778
1093632 298.399833333
1097728 317.047625
1101824 319.6524
1105920 261.9605
1110016 326.5085
1114112 316.201
1118208 243.09
1122304 276.94175
1126400 308.9958
1130496 273.02175
1134592 412.564625
1138688 406.5752
1142784 357.602333333
1146880 300.6213
1150976 289.711
1155072 255.905
1159168 267.82575
1163264 275.49725
1167360 339.457
1171456 334.0758
1175552 302.000705882
1179648 353.1645
1183744 281.826625
1187840 365.644714286
1191936 293.732571429
1196032 298.242166667
1200128 410.094
1204224 389.7625
1208320 310.85925
1212416 295.807
1216512 405.5966
1220608 274.150333333
1224704 298.147333333
1228800 373.9847
1232896 299.6385
1236992 304.913
1241088 256.124
1245184 330.528666667
1249280 363.203666667
1253376 326.886375
1257472 422.358571429
1261568 376.38975
1265664 382.3274
1269760 319.2855
1273856 311.078333333
1277952 333.457
1282048 420.97525
1286144 393.0175
1290240 363.251
1294336 356.796352941
1298432 331.071
1302528 329.671
1306624 399.039
1310720 359.873
1314816 348.9408
1318912 314.406875
1323008 302.622
1327104 356.811181818
1331200 338.048
1335296 338.85575
1339392 316.671857143
1343488 407.4934
1347584 376.114642857
1351680 373.216222222
1355776 334.854125
1359872 344.2446
1363968 349.875461538
1368064 284.4
1372160 385.6085
1376256 322.774
1380352 329.548428571
1384448 342.246
1388544 325.145625
1392640 433.850333333
1396736 413.982333333
1400832 404.7228
1404928 341.3355
1409024 327.583
1413120 363.906
1417216 445.816555556
1421312 377.916444444
1425408 364.8054
1429504 428.297333333
1433600 390.232666667
1437696 413.2
1441792 350.501666667
1445888 378.7093
1449984 464.392
1454080 472.365333333
1458176 384.063333333
1462272 355.370833333
1466368 458.888
1470464 349.4764
1474560 453.372444444
1478656 412.2195
1482752 349.2753
1490944 362.5354
1495040 391.0095
1499136 414.011
1503232 434.9645
1507328 374.954692308
1511424 472.9898
1515520 343.0474
1519616 446.088833333
1523712 373.46375
1527808 396.54225
1531904 413.043
1536000 340.0105
1540096 415.399478261
1544192 358.709571429
1548288 388.038
1552384 467.930333333
1556480 458.201142857
1564672 404.411
1568768 373.719714286
1572864 346.9015
1581056 406.636666667
1585152 367.483666667
1589248 329.268
1597440 397.97825
1601536 371.4054
1605632 499.6915
1609728 491.634333333
1613824 548.789666667
1617920 440.227666667
1622016 428.7572
1626112 336.78
1630208 338.1445
1634304 361.848
1638400 387.007
1642496 394.010666667
1646592 441.57225
1650688 498.619
1654784 386.3755
1658880 398.95625
1662976 486.580833333
1667072 404.5235
1671168 465.548142857
1675264 792.209
1679360 413.556
1683456 539.371
1687552 475.611666667
1691648 466.261285714
1695744 350.412
1699840 373.8675
1703936 375.69625
1708032 600.56425
1712128 555.163666667
1716224 458.184888889
1720320 450.76225
1724416 461.8115
1728512 642.6145
1732608 403.72125
1736704 554.643166667
1740800 510.222333333
1744896 450.807
1748992 498.332
1753088 462.8655
1757184 703.885166667
1761280 461.372
1765376 426.161166667
1769472 543.08
1773568 531.349
1777664 532.483571429
1781760 486.826333333
1785856 512.689192308
1789952 445.262857143
1794048 416.838666667
1798144 532.9602
1802240 504.7475
1806336 566.197666667
1810432 443.446333333
1814528 456.8984
1818624 539.8137
1822720 523.6524
1826816 737.446333333
1830912 473.8072
1835008 510.1095
1839104 506.697666667
1843200 578.119648649
1847296 541.64
1851392 492.1212
1855488 485.1976
1859584 641.965666667
1863680 516.13625
1867776 616.5905
1871872 546.317
1875968 536.439666667
1880064 495.924333333
1884160 478.532
1888256 505.2085
1892352 506.1518
1896448 497.1
1900544 581.7738
1904640 542.50974
1908736 558.493719298
1912832 581.476666667
1916928 439.1115
1921024 515.530454545
1925120 595.3275
1929216 546.4035
1933312 547.091272727
1937408 561.293972222
1941504 534.565142857
1945600 577.7483
1949696 620.0762
1953792 559.394571429
1957888 541.2794
1961984 553.925
1966080 483.8126
1970176 535.610045455
1974272 623.384375
1978368 534.8695
1982464 514.2352
1986560 616.375461538
1990656 516.494666667
1994752 749.376666667
1998848 496.3258
2002944 645.07975
2007040 572.904428571
2011136 716.749333333
2015232 633.331235294
2019328 581.376428571
2023424 625.8125
2027520 797.971714286
2031616 609.160631084