4096 1.74268574067
8192 2.6574706254
12288 3.57036297878
16384 4.4827837029
20480 5.41706331237
24576 6.0260862767
28672 6.96144818482
32768 18.6361064059
36864 9.05035441212
40960 10.0839930122
45056 10.6539383513
49152 12.3247373713
53248 13.6681501501
57344 14.928648583
61440 16.6790687802
65536 18.0883197287
69632 19.30965464
73728 20.7215900194
77824 22.3423700634
81920 23.8332247706
86016 24.7029102534
90112 26.7040019299
94208 28.0147446551
98304 34.8635595657
102400 30.9876347087
106496 31.2861626506
110592 32.4484710212
114688 34.3377522788
118784 36.3176451204
122880 36.5553697305
126976 37.516971246
131072 54.8794159061
135168 41.0150942529
139264 42.4678345221
143360 44.0486815642
147456 45.0106144201
151552 45.9495698113
155648 48.6378980392
159744 46.3605206074
163840 59.7478005343
167936 51.1386730769
172032 51.0931825193
176128 53.6601585366
180224 53.1531515152
184320 57.95975
188416 57.3797006803
192512 61.5092640333
196608 69.336533049
200704 57.9924548495
204800 62.7232615385
208896 67.0967166667
212992 69.0271272727
217088 66.3043686636
221184 72.4901674009
225280 77.5256146789
229376 80.6460273038
233472 75.4550466321
237568 77.1650621469
241664 83.8470909091
245760 85.8386376812
249856 81.9309333333
253952 81.5765875706
258048 86.9868505747
262144 97.938804901
266240 80.4464615385
270336 89.6236387097
274432 89.4513454545
278528 90.3856428571
282624 97.2441016949
286720 103.382616541
290816 107.123566667
294912 102.083426997
299008 105.923919192
303104 101.093247706
307200 104.077368421
311296 109.74019697
315392 112.780962963
319488 107.619547619
323584 105.526733333
327680 111.086921986
331776 119.17221374
335872 109.908044444
339968 121.064
344064 120.389272727
348160 118.838441558
352256 125.859681818
356352 122.011948718
360448 118.403208481
364544 135.572373333
368640 123.321626374
372736 122.029090909
376832 139.198074074
380928 135.962142857
385024 130.180280702
389120 125.952595745
393216 129.163413712
397312 125.844109589
401408 139.958363636
405504 129.936363636
409600 147.085559322
413696 157.712
417792 154.086903226
421888 146.700205128
425984 137.624691589
430080 162.158539683
434176 160.204229299
438272 160.375452632
442368 143.029978495
446464 163.698328358
450560 162.930918919
454656 171.125666667
458752 147.301807018
462848 170.395215686
466944 162.20625641
471040 169.684303797
475136 175.513395349
479232 166.274071429
483328 185.670166667
487424 186.681925926
491520 158.758144638
495616 165.735111111
499712 175.797266667
503808 163.010046512
507904 169.804931507
512000 193.345285714
516096 180.832432432
520192 210.127142857
524288 168.166862745
528384 181.954347826
532480 188.184881356
536576 183.65
540672 195.096444444
544768 206.770829268
548864 185.845555556
552960 202.901882353
557056 179.089933579
561152 192.9855
565248 230.00712
569344 198.429913043
573440 217.627222222
577536 219.038526316
581632 197.673391304
585728 217.901511111
589824 189.840621762
593920 207.725217391
598016 204.8344
602112 217.982705882
606208 229.602285714
610304 231.728923077
614400 272.154
618496 225.5451
622592 195.058712329
626688 233.998
630784 221.163625
634880 215.772588235
638976 232.037371429
643072 241.023259259
647168 257.468965517
651264 231.149625
655360 200.263581227
659456 254.76384
663552 216.265454545
667648 254.094380952
671744 238.61373913
675840 236.027030303
679936 245.342
684032 240.861155556
688128 238.529131313
692224 256.01062069
696320 263.953809524
700416 226.978068966
704512 300.607368421
708608 289.681866667
712704 215.54368
716800 286.067619048
720896 225.563056604
724992 299.687294118
729088 271.287172414
733184 286.866857143
737280 282.153052632
741376 304.528727273
745472 255.794545455
749568 277.068181818
753664 240.677882353
757760 302.90912
761856 267.911875
765952 268.0715
770048 259.54125
774144 314.0245
778240 286.144631579
782336 289.685333333
786432 240.752705882
790528 322.55328
794624 334.513684211
798720 273.324
802816 291.803918367
806912 293.503534884
811008 265.492
815104 312.045
819200 260.914778947
823296 297.498888889
827392 288.245285714
831488 283.788307692
835584 301.597142857
839680 355.080470588
843776 325.842285714
847872 379.512333333
851968 283.139654321
856064 331.409090909
860160 338.790571429
864256 288.590060606
868352 309.554909091
872448 279.370666667
876544 359.530285714
880640 360.187466667
884736 290.131818182
888832 319.581753425
892928 324.466736842
897024 323.544695652
901120 347.070333333
905216 418.988
909312 298.778
913408 316.190888889
917504 282.406805195
921600 362.701272727
925696 365.877842105
929792 349.631043478
933888 363.217578947
937984 371.584857143
942080 357.101037037
946176 356.884606061
950272 286.584058824
954368 405.230666667
958464 349.6944
962560 360.032
966656 409.36075
970752 350.920363636
974848 366.9376
978944 405.8652
983040 266.557365854
987136 354.773684211
991232 357.311384615
995328 317.635111111
999424 397.3315
1003520 364.068333333
1007616 341.711733333
1011712 409.14825
1015808 330.388390244
1019904 443.267555556
1024000 326.748444444
1028096 400.054363636
1032192 417.3944
1036288 339.3916
1040384 387.344470588
1044480 387.301111111
1048576 402.181365612
1052672 354.348941176
1056768 364.157052632
1060864 400.0606
1064960 366.39825
1069056 340.1325
1073152 393.8165
1077248 395.140142857
1081344 412.356521739
1085440 444.49825
1089536 367.526153846
1093632 370.2204
1097728 297.889
1101824 352.3325
1105920 401.503368421
1110016 409.132857143
1114112 482.231
1118208 481.1248
1122304 480.009333333
1126400 612.956571429
1130496 422.851428571
1134592 458.6225
1138688 569.674857143
1142784 438.495538462
1146880 434.419
1150976 399.561090909
1155072 386.029333333
1159168 402.150181818
1163264 529.732
1167360 423.6495
1171456 403.221073171
1175552 455.063891892
1179648 418.434727273
1183744 359.444923077
1187840 462.902
1191936 414.620307692
1196032 526.113142857
1200128 322.318666667
1204224 559.111733333
1208320 550.470588235
1212416 426.504842105
1216512 437.390888889
1220608 414.451142857
1224704 440.6672
1228800 427.516307692
1232896 423.685333333
1236992 424.362857143
1241088 559.7668
1245184 465.8
1249280 339.269333333
1253376 373.933333333
1257472 477.806
1261568 563.009142857
1265664 511.06
1269760 544.791
1273856 434.536571429
1277952 501.5165
1282048 385.917333333
1286144 461.268
1290240 581.1224
1294336 436.776666667
1298432 490.137272727
1302528 619.515666667
1306624 402.104888889
1310720 449.590666667
1314816 490.512923077
1318912 521.76625
1323008 392.112
1327104 1348.0752
1331200 443.088
1335296 492.828909091
1339392 578.062666667
1343488 440.0192
1347584 608.787
1351680 420.735714286
1355776 625.92
1359872 515.834545455
1363968 435.284857143
1368064 492.5632
1372160 463.208
1376256 484.084727273
1380352 787.468
1384448 568.525333333
1388544 609.498
1392640 896.735
1396736 614.752
1400832 526.3576
1404928 484.023333333
1409024 576.898666667
1413120 630.364
1417216 537.123727273
1421312 470.476
1425408 543.413066667
1429504 584.1268
1433600 532.9224
1437696 453.345777778
1441792 564.4896
1445888 570.5312
1449984 561.494857143
1454080 584.648857143
1458176 454.048
1462272 556.844
1466368 347.561333333
1470464 717.303428571
1474560 579.993333333
1478656 575.806666667
1482752 649.084
1486848 542.407272727
1490944 592.214
1495040 540.59
1499136 518.4395
1503232 593.5032
1507328 478.594
1511424 624.6952
1515520 474.957428571
1519616 545.802909091
1523712 676.047652174
1527808 625.478
1531904 415.1056
1536000 481.952
1540096 596.656342857
1544192 653.0165
1548288 559.624571429
1552384 562.75
1556480 531.684
1560576 877.479
1564672 586.310857143
1568768 594.922
1572864 660.357142857
1576960 497.446
1581056 578.2535
1585152 587.61
1589248 723.618285714
1593344 638.518666667
1597440 541.791272727
1601536 592.959272727
1605632 636.477
1609728 677.52
1613824 927.425
1617920 655.564
1622016 540.7964
1626112 471.394666667
1630208 640.3928
1634304 602.556
1638400 616.187333333
1642496 693.6504
1646592 639.3305
1650688 778.6856
1654784 461.26
1658880 691.486
1662976 612.10855814
1667072 510.615636364
1671168 658.077142857
1675264 599.967
1679360 667.702
1683456 553.721
1687552 578.117714286
1691648 852.095
1695744 516.003111111
1699840 493.997333333
1703936 612.978
1708032 575.989
1712128 661.579333333
1716224 707.852666667
1720320 659.8175
1724416 882.792
1728512 705.843111111
1732608 491.3385
1736704 671.156
1740800 631.215428571
1744896 503.838666667
1748992 702.328666667
1753088 720.138
1757184 639.069333333
1761280 729.2184
1765376 838.776
1769472 643.1705
1773568 632.0712
1777664 746.701894737
1781760 660.6292
1785856 658.488744186
1789952 636.026222222
1794048 768.026
1798144 696.796923077
1802240 679.028666667
1806336 722.990545455
1810432 665.2412
1814528 819.290909091
1818624 585.4816
1822720 712.343
1826816 870.995111111
1830912 796.773333333
1835008 644.671272727
1839104 757.723
1843200 722.81584573
1847296 805.502166667
1851392 731.581
1855488 994.524571429
1859584 1502.236
1863680 809.113142857
1867776 694.252
1871872 649.128
1875968 798.100081633
1880064 782.449
1884160 931.676666667
1888256 857.857
1892352 679.935428571
1896448 653.3485
1900544 777.271333333
1904640 839.250888889
1908736 721.951717949
1912832 758.333185185
1916928 623.16225
1921024 715.41026087
1925120 676.845230769
1929216 676.925846154
1933312 666.6525
1937408 764.713660574
1941504 758.532956522
1945600 748.84675
1949696 594.516666667
1953792 642.0
1957888 571.098666667
1961984 715.6612
1966080 666.262285714
1970176 743.614274809
1974272 651.052470588
1978368 661.953230769
1982464 753.25775
1986560 846.447
1990656 919.438666667
1994752 809.294666667
1998848 878.5552
2002944 781.154204082
2007040 825.822923077
2011136 698.530222222
2015232 823.751466667
2019328 887.434
2023424 820.702
2027520 776.891555556
2031616 789.175476323