0 1.18297413576
4096 1.8589632456
8192 2.73731632643
12288 3.76898852313
16384 4.67026491838
20480 5.57019312602
24576 6.22984145688
28672 7.23757336108
32768 8.1339575419
36864 9.12802979012
40960 9.90697
45056 10.6533541899
49152 11.8980708447
53248 13.1013054187
57344 13.8963918367
61440 16.3124595104
65536 17.3349616519
69632 17.0716762226
73728 18.6050694087
77824 18.3295081967
81920 20.4683206751
86016 21.2270783848
90112 21.5700830189
94208 23.0081679389
98304 24.5891958763
102400 25.3232899408
106496 25.9190829268
110592 26.8210930233
114688 28.7595481728
118784 30.2746323529
122880 32.5324
126976 32.0822222222
131072 48.1960571916
135168 32.3637727273
139264 34.5497037037
143360 34.4744705882
147456 36.474213198
151552 37.9764878049
155648 41.0381294964
159744 38.7152470588
163840 39.159539823
167936 40.4780666667
172032 42.2803333333
176128 44.845443609
180224 46.8205436893
184320 46.9986987952
188416 49.2432380952
192512 48.5426277372
196608 49.7216170213
200704 52.0732
204800 51.4662898551
208896 54.11568
212992 54.8608607595
217088 56.5038431373
221184 61.1007375887
225280 59.7721188119
229376 61.2126542751
233472 60.2317555556
237568 61.9657309942
241664 64.1948412943
245760 64.0371627907
249856 66.7558899083
253952 65.6240914179