0 1.13229881005
4096 1.9357276391
8192 2.76820987591
12288 3.75650595883
16384 4.7417955723
20480 5.89615511163
24576 6.72427100271
28672 8.84155616438
32768 9.53498544699
36864 11.3306296296
40960 13.4625635359
45056 12.7821800948
49152 17.86685
53248 16.0257333333
57344 18.40325
61440 20.0740851064
65536 20.2943357664
69632 22.2317530864
73728 19.991257732
77824 24.3342680412
81920 21.6869545455
86016 23.561398374
90112 24.4082790698
94208 24.226835443
98304 25.2038130841
102400 24.6423661972
106496 30.4241333333
110592 28.102739726
114688 26.1593761468
118784 30.652826087
122880 31.6465
126976 28.848
131072 32.1834968553
135168 32.2392857143
139264 30.6738787879
143360 34.6071627907
147456 32.6444571429
151552 33.2238644068
155648 35.4914444444
159744 41.8392413793
163840 36.8645490196
167936 38.7304827586
172032 38.7821
176128 43.1553333333
180224 40.6724179104
184320 45.7179487179
188416 46.54272
192512 47.3837192982
196608 49.4277142857
200704 48.3948235294
204800 48.1080952381
208896 52.6737333333
212992 48.7888888889
217088 49.6652903226
221184 58.6071641791
225280 55.403
229376 57.9151111111
233472 56.0551219512
237568 59.2690404624
241664 60.273752381
245760 60.8228051948
249856 70.0153650794
253952 62.3941678732