4096 1.4228109801
8192 2.40222941008
12288 3.35473548603
16384 4.37993303829
20480 5.20385634589
24576 5.84291870456
28672 6.83677466327
32768 8.02789361702
36864 9.06784404811
40960 10.553665405
45056 10.8754768824
49152 12.8525409623
53248 14.0071481141
57344 15.8377379518
61440 17.546607052
65536 17.6609333418
69632 20.0643044902
73728 21.0820854914
77824 23.6582495606
81920 26.1521807229
86016 26.7746401138
90112 27.7507214612
94208 34.5100105263
98304 34.5028817204
102400 37.4983559322
106496 36.3383
110592 37.3561465969
114688 41.2705829596
118784 43.8531935484
122880 46.8220233463
126976 46.2379636364
131072 54.8669767948
135168 37.9824
139264 41.9522222222
143360 44.3358888889
147456 48.6087272727
151552 43.8143703704
155648 54.4916
159744 61.8092727273
163840 55.1212
167936 46.0101176471
172032 51.2274545455
176128 63.7088333333
180224 50.5071111111
184320 66.0090666667
188416 65.3745263158
192512 61.4322222222
196608 45.3472
200704 73.6150769231
204800 61.616
208896 64.508
212992 68.033
217088 73.00275
221184 58.3028571429
225280 82.1855
229376 60.3306666667
233472 57.2574545455
237568 49.364
241664 82.7585
245760 92.7671111111
249856 114.3816
253952 106.794857143
258048 78.0194285714
262144 69.7324444444
266240 106.231
270336 58.028
274432 88.3031111111
278528 86.904
282624 136.1376
286720 79.7352727273
290816 86.1154285714
294912 100.441333333
299008 107.5176
303104 92.498
307200 95.392
311296 84.096
315392 128.4415
319488 107.128
323584 120.3
327680 117.576
331776 68.864
335872 172.682
339968 91.4904
344064 71.3386666667
348160 162.05
352256 118.766
356352 105.798666667
360448 74.636
364544 121.006
368640 149.478
372736 127.762
376832 78.188
380928 152.812
385024 107.0
389120 102.996
393216 135.8128
397312 102.13
401408 119.0672
405504 84.772
409600 160.758
413696 171.322285714
421888 113.542
425984 205.1056
430080 134.148
434176 174.548
438272 173.714
442368 239.884
446464 113.076
450560 115.782
454656 141.935
458752 187.343
462848 153.438
466944 96.688
471040 159.138
475136 200.013333333
479232 144.14
483328 214.622
491520 171.921
495616 189.428
499712 168.904
503808 162.832
507904 139.798666667
512000 157.132
516096 130.942
520192 180.898
524288 192.552
528384 143.49
532480 199.692
536576 338.872
540672 293.461333333
544768 175.698666667
552960 180.618
561152 162.457333333
565248 117.84
569344 138.86
581632 237.252
585728 144.158
598016 470.536
602112 427.596
618496 217.824
626688 174.328
634880 170.292
638976 175.289333333
647168 154.522
655360 313.26
659456 203.156
663552 194.164
667648 177.146666667
671744 276.95
675840 466.856
679936 254.153
684032 233.762666667
688128 142.336
692224 143.252
696320 265.656
704512 149.036
708608 311.492
729088 318.436
737280 302.226
741376 152.864
745472 496.344
749568 286.256
753664 302.606
761856 157.964
765952 259.948
770048 288.044
774144 398.292
778240 210.714
782336 162.392
790528 163.064
794624 376.224
798720 429.352
802816 315.670666667
811008 347.952
815104 168.56
827392 258.78
831488 218.376
847872 267.019
851968 396.882
860160 222.328
864256 228.386
868352 409.276
872448 315.564
876544 180.956
880640 383.38
888832 244.616
901120 432.88
905216 402.0
917504 280.204
921600 403.092
925696 288.472
929792 379.912
933888 360.74
937984 597.876
942080 329.828
946176 282.3672
958464 653.256
962560 448.676
966656 326.076
970752 259.644
987136 252.524
991232 350.388
995328 301.228
999424 261.98
1007616 320.792
1019904 355.899
1024000 431.536
1040384 399.72
1048576 371.517818182
1056768 288.168
1073152 320.592
1077248 485.476
1081344 414.778
1097728 359.524
1105920 634.58
1114112 229.832
1130496 319.536
1134592 404.076
1138688 283.868
1167360 406.218666667
1179648 341.536
1183744 413.096
1196032 425.828
1200128 596.728
1208320 343.028
1212416 491.56
1261568 882.988
1265664 666.356
1269760 625.696
1282048 485.86
1298432 806.52
1310720 358.896
1327104 282.664
1331200 363.848
1335296 276.26
1343488 424.856
1368064 326.728
1384448 470.264
1392640 377.332
1400832 818.864
1413120 361.24
1417216 487.392
1429504 464.866666667
1449984 757.756
1527808 581.152
1540096 508.608
1556480 887.484
1564672 324.312
1589248 582.52
1597440 471.896
1605632 506.704
1609728 507.22
1617920 480.084
1622016 440.664
1642496 398.704
1646592 825.464
1650688 601.884
1662976 556.532
1687552 812.184
1703936 516.128
1728512 648.652
1740800 455.532
1777664 524.552
1785856 427.016
1798144 555.28
1814528 630.968
1818624 769.468
1822720 474.768
1843200 677.7496
1908736 393.584
1929216 399.128
1937408 784.384
1970176 584.728
1994752 835.788
1998848 1039.956
2031616 720.6695