4096 2.45063866038
8192 3.3732455402
12288 4.28684082804
16384 5.18863282057
20480 6.15391726572
24576 6.77229845904
28672 7.69225154607
32768 15.9700040125
36864 9.73152589727
40960 10.7234480984
45056 11.6064151283
49152 13.2055109133
53248 14.7622293794
57344 16.0845472592
61440 17.3055717492
65536 19.0122408512
69632 20.347180007
73728 21.9156742759
77824 23.4837706513
81920 24.7597229894
86016 25.7039380761
90112 27.7890841001
94208 28.9603520737
98304 34.8695177823
102400 31.8032131014
106496 32.0734909215
110592 33.6841497483
114688 36.0882496357
118784 36.3308518106
122880 38.3829735825
126976 38.4049364754
131072 53.0945702234
135168 42.1796950207
139264 42.0788429448
143360 44.4150869565
147456 46.3387717231
151552 46.9021388401
155648 49.0161399632
159744 47.8228238636
163840 60.5911220826
167936 52.8890531646
172032 52.8000816832
176128 54.3925308642
180224 56.6528174387
184320 62.9781264045
188416 62.5001807229
192512 61.6060551839
196608 70.0217107728
200704 64.2104372881
204800 63.9063648208
208896 66.0285992647
212992 62.7664458874
217088 74.1022247706
221184 74.0559613734
225280 72.8370995261
229376 81.7294929329
233472 79.7258435754
237568 73.8140842105
241664 76.8279405405
245760 89.6658296703
249856 75.8266102564
253952 80.3374405286
258048 95.7161117647
262144 94.7673167006
266240 94.2221904762
270336 90.533347561
274432 91.6617365269
278528 97.2250581395
282624 101.015431655
286720 97.1465068493
290816 101.151430769
294912 104.608005917
299008 103.278566667
303104 103.571851562
307200 104.807297101
311296 114.524030405
315392 104.247497354
319488 112.462860104
323584 111.746483221
327680 110.177392308
331776 112.757072072
335872 119.775326531
339968 114.571902655
344064 121.54778125
348160 119.230830189
352256 128.414760417
356352 128.519728155
360448 119.29677551
364544 134.31008642
368640 136.506939024
372736 137.29202381
376832 123.598694215
380928 136.222521739
385024 148.217375
389120 146.452066667
393216 128.46509204
397312 145.525268657
401408 138.892872093
405504 148.832415385
409600 155.194217391
413696 160.432311475
417792 150.018367347
421888 150.5508
425984 138.892429319
430080 141.313808219
434176 165.36952381
438272 160.070039683
442368 152.677821053
446464 162.750746667
450560 169.7036
454656 168.073659574
458752 140.853904348
462848 177.91045283
466944 162.99587037
471040 151.013925373
475136 173.687981818
479232 173.262484848
483328 175.484363636
487424 180.929061224
491520 158.946150442
495616 179.584244898
499712 180.572307692
503808 194.798408163
507904 186.61225
512000 194.976151515
516096 198.590021277
520192 209.39875
524288 167.396164331
528384 175.98544898
532480 189.70025
536576 173.204925
540672 204.032027778
544768 191.920675
548864 219.752659091
552960 192.725026316
557056 176.088193431
561152 195.792446154
565248 183.876142857
569344 218.613881356
573440 189.73892
577536 227.64708
581632 222.109923077
585728 197.882268293
589824 179.171291391
593920 228.066677419
598016 192.059178571
602112 217.350097561
606208 214.172928571
610304 218.902058824
614400 209.609935484
618496 234.61653125
622592 194.827962963
626688 236.2543
630784 209.0175
634880 229.111692308
638976 211.291758621
643072 225.06284375
647168 244.678692308
651264 262.598545455
655360 214.092182171
659456 226.755818182
663552 252.427962963
667648 233.557693878
671744 233.495793103
675840 250.799171429
679936 230.407075472
684032 261.001407407
688128 237.657767241
692224 266.664612903
696320 294.101232558
700416 246.212526316
704512 256.441375
708608 267.415393939
712704 310.30965625
716800 305.883038462
720896 225.298172043
724992 334.662333333
729088 296.445952381
733184 246.66916129
737280 251.36852381
741376 248.5604
745472 289.809105263
749568 274.864807692
753664 229.048626667
757760 303.092904762
761856 284.559192308
765952 262.155277778
770048 271.966529412
774144 313.794857143
778240 284.8668
782336 270.979538462
786432 246.006012658
790528 283.036470588
794624 308.830119048
798720 277.763090909
802816 306.004963303
806912 289.24947619
811008 341.374785714
815104 318.537159091
819200 262.392630435
823296 316.499071429
827392 314.738923077
831488 294.138380952
835584 347.719090909
839680 282.19626087
843776 280.348666667
847872 368.3193
851968 267.7823
856064 313.634285714
860160 358.849470588
864256 269.578291667
868352 315.27148
872448 328.104714286
876544 340.8120625
880640 357.794666667
884736 300.84425
888832 307.405142857
892928 304.444076923
897024 298.328529412
901120 305.093388889
905216 303.540526316
909312 296.8064
913408 320.109173913
917504 286.215904
921600 346.354083333
925696 314.406701299
929792 300.082714286
933888 395.475034483
937984 338.166862069
942080 348.305970588
946176 346.222857143
950272 300.98015942
954368 327.815157895
958464 350.061137931
962560 397.60447619
966656 371.654242424
970752 371.33885
974848 362.40762963
978944 383.165263158
983040 329.282410256
987136 388.903047619
991232 305.723076923
995328 419.55834375
999424 399.0709
1003520 434.038444444
1007616 432.2902
1011712 354.205210526
1015808 353.811072289
1019904 343.701
1024000 374.631764706
1028096 381.570730769
1032192 435.94476
1036288 348.652793103
1040384 406.5335
1044480 405.863235294
1048576 391.487981167
1052672 398.847142857
1056768 398.022375
1060864 436.23052381
1064960 396.6332
1069056 379.132083333
1073152 410.9753
1077248 399.4495
1081344 368.346421053
1085440 371.642571429
1089536 374.779941176
1093632 335.565166667
1097728 358.9444
1101824 420.5698
1105920 468.23015
1110016 436.892666667
1114112 405.38
1118208 337.003636364
1122304 369.762272727
1126400 447.733583333
1130496 425.24
1134592 418.163090909
1138688 404.444944444
1142784 362.44276
1146880 435.4237
1150976 489.995125
1155072 385.485555556
1159168 397.1348
1163264 463.805
1167360 527.862818182
1171456 459.097289474
1175552 460.999307692
1179648 436.675454545
1183744 467.1159375
1187840 413.454285714
1191936 460.689
1196032 472.12652
1200128 1014.02933333
1204224 575.317
1208320 471.785333333
1212416 516.3249375
1216512 429.727125
1220608 576.656
1224704 418.6037
1228800 437.22
1232896 591.95
1236992 442.116333333
1241088 434.335461538
1245184 522.929333333
1249280 352.5886
1253376 407.251956522
1257472 441.2275
1261568 461.4353
1265664 496.032142857
1269760 435.196411765
1273856 598.5615
1277952 559.061444444
1282048 523.547625
1286144 410.4749
1290240 500.559
1294336 456.175125
1298432 514.348565217
1302528 509.295
1306624 496.240285714
1310720 533.629461538
1314816 758.105444444
1318912 439.518916667
1323008 601.676666667
1327104 489.3861
1331200 393.9978125
1335296 514.218142857
1339392 549.995428571
1343488 508.627636364
1347584 383.64675
1351680 512.455846154
1355776 637.787666667
1359872 487.928166667
1363968 447.069083333
1368064 508.5475
1372160 474.863375
1376256 560.8463
1380352 788.561
1384448 493.81675
1388544 514.9596
1392640 551.8905
1396736 591.1834
1400832 584.4453
1404928 515.863642857
1409024 586.760923077
1413120 452.847
1417216 514.213106383
1421312 535.229538462
1425408 484.662529412
1429504 480.945
1433600 475.185166667
1437696 426.385111111
1441792 460.4615
1445888 520.11695
1449984 640.118461538
1454080 567.149642857
1458176 408.5036
1462272 557.853333333
1466368 465.41975
1470464 622.914666667
1474560 452.7985
1478656 595.799125
1482752 546.78675
1486848 562.954473684
1490944 444.580153846
1495040 489.31175
1499136 604.006625
1503232 510.4416875
1507328 528.6255
1511424 470.923
1515520 696.953333333
1519616 605.651888889
1523712 560.092157895
1527808 551.0435
1531904 682.5669
1536000 548.3405
1540096 507.328230769
1544192 708.301407407
1548288 494.98725
1552384 558.8141
1556480 584.463
1560576 654.6838
1564672 523.479875
1568768 643.463833333
1572864 528.8293
1576960 556.940875
1581056 640.362833333
1585152 567.096285714
1589248 663.370636364
1593344 603.778333333
1597440 524.300266667
1601536 521.4502
1605632 671.480714286
1609728 755.1735
1613824 707.448166667
1617920 577.846
1622016 711.356571429
1626112 686.143857143
1630208 557.878375
1634304 501.32975
1638400 552.126
1642496 1266.43033333
1646592 488.8678
1650688 543.016483871
1654784 577.1252
1658880 579.724666667
1662976 576.44252381
1667072 596.888833333
1671168 651.744666667
1675264 610.640714286
1679360 656.055181818
1683456 916.933
1687552 659.284857143
1691648 650.121
1695744 567.252
1699840 597.433333333
1703936 1071.08766667
1708032 599.957428571
1712128 593.193333333
1716224 601.838090909
1720320 538.3144
1724416 618.516666667
1728512 777.777428571
1732608 690.334666667
1736704 573.0566
1740800 688.117833333
1744896 638.441
1748992 748.130714286
1753088 556.351111111
1757184 637.687222222
1761280 543.3485
1765376 789.445
1769472 942.8805
1773568 656.521428571
1777664 594.20395
1781760 805.596454545
1785856 692.162722222
1789952 746.1962
1794048 717.83925
1798144 779.965428571
1802240 756.8195
1806336 614.899
1810432 729.018846154
1814528 690.879807692
1818624 671.68775
1822720 868.921
1826816 1051.7545
1830912 761.666636364
1835008 686.803642857
1839104 827.307
1843200 720.279132432
1847296 830.085619048
1851392 733.792
1855488 623.0845
1859584 587.506285714
1863680 948.4196
1867776 759.085266667
1871872 879.51
1875968 743.176587719
1880064 822.69175
1884160 618.932833333
1888256 762.2758
1892352 768.497666667
1896448 621.8975
1900544 601.188857143
1904640 778.608875
1908736 735.246957219
1912832 600.726666667
1916928 805.3570625
1921024 666.602222222
1925120 951.109846154
1929216 783.793818182
1933312 664.568352941
1937408 771.81164631
1941504 730.613319149
1945600 751.7535
1949696 683.522714286
1953792 760.291125
1957888 723.5021
1961984 699.425166667
1966080 845.484125
1970176 786.247402344
1974272 715.416709677
1978368 704.443058824
1982464 921.462692308
1986560 796.52425
1990656 744.612666667
1994752 674.0084
1998848 740.4554
2002944 818.841631068
2007040 715.553086957
2011136 727.84175
2015232 918.583571429
2019328 697.453777778
2023424 811.476090909
2027520 807.402125
2031616 760.664004931