4096 2.57620929583
8192 3.54700276141
12288 4.50035742468
16384 5.5134408725
20480 6.36716537867
24576 6.98041225296
28672 7.9393731581
32768 10.718199581
36864 9.86871472709
40960 11.0176946809
45056 11.7705802277
49152 13.0806854437
53248 14.6061933576
57344 16.5449185614
61440 17.323942893
65536 18.8422802327
69632 20.4619421624
73728 22.1937606399
77824 24.0162261628
81920 24.3367037815
86016 25.662402027
90112 28.2738063725
94208 27.5783226837
98304 32.628189577
102400 30.079970297
106496 30.3459858156
110592 34.74746875
114688 37.6642244898
118784 33.6586716418
122880 34.8098450704
126976 36.4589848485
131072 40.6043153153
135168 41.85434
139264 43.4314324324
143360 42.2920851064
147456 49.412483871
151552 53.19625
155648 42.681
159744 50.1511875
163840 58.2176742597
167936 54.5475
172032 53.4438709677
176128 52.4040740741
180224 46.09875
184320 59.635875
188416 52.418
192512 55.2007857143
196608 72.6138595318
200704 53.223
204800 44.4657
208896 62.8462727273
212992 56.5003636364
217088 67.4455
221184 65.9826666667
225280 77.66025
229376 82.0392541899
233472 76.1637
237568 85.471125
241664 65.1409166667
245760 67.8113636364
249856 65.8467
253952 85.7614666667
258048 94.0147272727
262144 76.7453995665
266240 95.6342
270336 90.4965
274432 177.038
278528 69.3636
282624 90.061
286720 75.8087
294912 99.6403636364
299008 112.2065
303104 94.2181428571
307200 116.834
311296 113.31725
315392 110.755888889
319488 87.3218
323584 107.145333333
327680 126.755058008
331776 70.332
335872 97.2675
339968 89.3323333333
344064 101.473
348160 76.9686666667
352256 116.324333333
356352 95.652
360448 127.9554
364544 80.557
368640 111.3252
372736 101.544
376832 121.970666667
380928 115.268428571
385024 132.6965
389120 172.49
393216 132.688984472
397312 134.407
401408 135.8655
405504 85.428
409600 158.151333333
413696 87.208
417792 111.2975
421888 203.317
425984 143.636380208
430080 237.2585
434176 188.62
442368 138.154
446464 119.6295
450560 149.4095
454656 117.7965
458752 145.518982456
462848 147.625
466944 98.018
471040 98.77
475136 99.551
479232 145.021
483328 197.609
487424 144.229
491520 153.495386755
495616 136.295
499712 231.865
507904 111.23
512000 269.348
516096 143.383666667
520192 216.655
524288 169.358119479
528384 205.67775
532480 111.764
536576 114.226
540672 142.3388
548864 114.57
557056 205.12831793
561152 200.221333333
565248 118.426
573440 171.8025
577536 246.552
585728 153.6642
589824 239.040851485
593920 319.257
598016 148.614
602112 132.351
606208 196.901333333
610304 352.452
614400 293.993
618496 223.805
622592 294.177222892
626688 222.095
630784 177.97
634880 132.357
643072 240.826
647168 135.795
651264 137.7
655360 290.3308375
659456 239.278
667648 210.033
671744 184.048
675840 233.3365
679936 213.054
684032 198.859333333
688128 297.26426
692224 148.4
704512 254.477
712704 177.975
720896 304.566
729088 253.4185
733184 257.682
741376 261.053333333
745472 199.271
749568 326.3435
753664 326.240064103
761856 158.795
765952 198.232
774144 296.982
778240 265.702
782336 261.695
786432 326.120664336
794624 201.91775
802816 280.893
806912 212.909
811008 287.288
815104 172.539
819200 357.295424658
823296 598.165
827392 172.135
831488 224.407
843776 175.43
847872 200.8105
851968 392.922238095
856064 186.237
860160 274.9205
864256 247.4495
868352 251.595
872448 191.007
876544 422.282
880640 313.471
884736 404.425885417
888832 385.59575
892928 518.627
897024 288.332
901120 324.019333333
909312 349.435
913408 323.454
917504 430.960969466
921600 328.435333333
937984 276.027
946176 264.795
950272 378.004657895
958464 446.678
966656 556.523
983040 460.767565217
999424 345.976666667
1011712 348.676
1015808 471.08734104
1019904 278.2545
1024000 265.484
1028096 424.295
1032192 376.6146
1036288 311.9455
1044480 450.751
1048576 632.49967668
1052672 241.801
1056768 417.2965
1060864 781.062
1073152 327.123
1077248 223.082
1081344 428.778
1085440 322.517
1097728 276.699
1101824 362.878
1105920 346.938
1110016 515.436
1126400 299.314
1142784 842.745
1175552 520.195
1179648 291.507
1200128 462.767
1204224 338.931
1220608 446.739
1224704 393.259
1232896 318.446
1269760 327.264
1310720 453.6945
1318912 622.623
1327104 627.416
1339392 377.242
1355776 552.615
1363968 1139.695
1396736 434.082
1417216 293.126
1421312 737.295
1429504 342.01
1437696 340.44
1449984 774.508
1470464 400.578
1490944 408.235
1499136 378.096
1540096 498.2885
1556480 415.809
1589248 379.642
1617920 642.176
1634304 469.419
1642496 631.989
1650688 508.858
1662976 688.839
1671168 672.927
1716224 530.307
1740800 629.449
1753088 556.556
1757184 546.196
1785856 775.251
1789952 950.819
1818624 722.499
1826816 872.056
1835008 698.734
1843200 585.736909091
1888256 759.448
1904640 887.969
1908736 740.303
1937408 662.801
1957888 519.736
1970176 407.473
2031616 830.826090909