4096 2.89450687187
8192 3.81066879724
12288 4.73481275753
16384 5.65194019656
20480 6.62155631313
24576 7.24360065965
28672 8.16415596604
32768 9.09221696418
36864 10.119659076
40960 11.2823988095
45056 11.9163553345
49152 13.3171282319
53248 14.8321582734
57344 16.3529514784
61440 17.8686397662
65536 18.7645698902
69632 20.2628712616
73728 21.8777339528
77824 23.189310397
81920 24.7346911955
86016 25.658778667
90112 27.243701228
94208 28.9502731688
98304 29.6736669941
102400 31.4374748327
106496 32.205003667
110592 34.6850705779
114688 35.9234939577
118784 36.6943807453
122880 38.3438748252
126976 37.7325397456
131072 49.7296633055
135168 41.2007977941
139264 41.6690328068
143360 42.4835460218
147456 44.6628535354
151552 45.8203230174
155648 47.2201215686
159744 47.5278374165
163840 50.2652847059
167936 52.7390690476
172032 54.2370239234
176128 54.1251878613
180224 55.0978284884
184320 53.5489725275
188416 58.6661867572
192512 59.4137913534
196608 60.6032372881
200704 62.8226448598
204800 64.166281746
208896 63.5933773585
212992 65.1695241935
217088 71.9146480687
221184 69.9204198113
225280 70.8016960352
229376 75.1179144385
233472 77.5047352941
237568 77.0270604396
241664 79.4410483092
245760 76.0229886364
249856 80.229852071
253952 84.9085140187
258048 81.017208589
262144 88.279056338
266240 89.9568726115
270336 92.9491304348
274432 90.3353178808
278528 90.9221703704
282624 95.6010983607
286720 90.2058289474
290816 94.9368043478
294912 96.6222045455
299008 96.5320785714
303104 99.1926846154
307200 98.4461136364
311296 105.156099315
315392 107.722225275
319488 103.696089888
323584 114.517778689
327680 106.726345133
331776 117.606394495
335872 113.382322917
339968 120.647076923
344064 127.552164706
348160 107.044875
352256 121.561034091
356352 123.401957746
360448 121.119225
364544 137.737395604
368640 136.357287671
372736 134.419
376832 115.518683333
380928 132.458566667
385024 140.25444
389120 137.654638889
393216 144.724890411
397312 137.700041667
401408 153.730580645
405504 157.399781818
409600 149.974875
413696 146.736650794
417792 163.17946
421888 152.429764706
425984 145.903698413
430080 149.310296875
434176 149.277363057
438272 168.480979798
442368 160.85704878
446464 156.993511628
450560 164.703943396
454656 160.184555556
458752 200.943173077
462848 171.173166667
466944 172.269509434
471040 146.669840909
475136 170.047548387
479232 160.228072727
483328 167.092512195
487424 179.445804348
491520 189.245185185
495616 161.516181818
499712 167.252482143
503808 164.30823913
507904 171.510786885
512000 168.528147059
516096 184.82344186
520192 168.68645098
524288 187.172358974
528384 172.164093023
532480 183.199815789
536576 199.767567568
540672 211.036166667
544768 171.003533333
548864 174.567852941
552960 208.776
557056 202.174144231
561152 203.640344828
565248 193.133698113
569344 192.971926829
573440 192.324042553
577536 198.092734694
581632 204.1129
585728 214.53615625
589824 185.775346154
593920 230.401459459
598016 259.804875
602112 230.575117647
606208 189.894756757
610304 201.3168125
614400 202.247184211
618496 196.886105263
622592 203.84403125
626688 244.160258065
630784 215.550692308
634880 251.80425641
638976 209.331961538
643072 239.896138889
647168 290.644
651264 213.272481481
655360 239.893470588
659456 241.1310625
663552 221.045227273
667648 280.738551724
671744 241.679181818
675840 250.535434783
679936 242.697215054
684032 232.467020833
688128 276.264790698
692224 215.7925
696320 255.382405405
700416 240.446366667
704512 261.310486486
708608 249.561194444
712704 233.278608696
716800 287.169807692
720896 212.365
724992 272.404384615
729088 260.744173913
733184 285.278
737280 256.967904762
741376 288.010117647
745472 313.746
749568 230.663461538
753664 257.804454545
757760 275.126928571
761856 261.074209302
765952 311.226933333
770048 299.1939
774144 328.9522
778240 292.806684211
782336 251.918068966
786432 318.909923077
790528 284.924526316
794624 257.125340426
798720 301.163518519
802816 288.609927536
806912 301.87222449
811008 322.790904762
815104 295.195774194
819200 249.0445
823296 277.921666667
827392 308.816
831488 265.745761905
835584 317.558285714
839680 289.191761905
843776 299.789363636
847872 380.024695652
851968 320.919
856064 253.12725
860160 332.92768
864256 326.808277778
868352 348.919214286
872448 318.96496
876544 295.915294118
880640 310.54296
884736 362.235277778
888832 312.130773973
892928 358.804380952
897024 296.117125
901120 372.153571429
905216 350.342611111
909312 327.714066667
913408 347.24895
917504 298.317789474
921600 331.713740741
925696 292.831926471
929792 358.530789474
933888 333.698454545
937984 437.686941176
942080 393.825043478
946176 369.308083333
950272 352.528142857
954368 354.696041667
958464 332.65416
962560 309.306652174
966656 329.132571429
970752 354.805181818
974848 309.165
978944 469.984611111
983040 331.2383125
987136 344.541823529
991232 368.018153846
995328 363.388368421
999424 377.516529412
1003520 328.4774
1007616 339.078769231
1011712 377.39647619
1015808 341.392021739
1019904 523.517625
1024000 400.2761875
1028096 383.924571429
1032192 383.458043478
1036288 378.242263158
1040384 412.125333333
1044480 373.2677
1048576 393.287357143
1052672 353.434225806
1056768 322.392083333
1060864 391.214083333
1064960 358.318647059
1069056 338.512153846
1073152 406.3128
1077248 359.160181818
1081344 383.0041
1085440 487.1701875
1089536 414.919
1093632 337.016740741
1097728 394.710764706
1101824 352.344375
1105920 384.1622
1110016 452.385722222
1114112 363.717384615
1118208 354.2445
1122304 352.272416667
1126400 353.941764706
1130496 391.132866667
1134592 444.552222222
1138688 370.212181818
1142784 384.8275
1146880 450.217444444
1150976 441.651384615
1155072 398.205181818
1159168 469.368818182
1163264 337.4881
1167360 420.33625
1171456 376.385761905
1175552 436.633259259
1179648 424.8409375
1183744 459.283
1187840 462.493277778
1191936 542.48575
1196032 432.625125
1200128 420.748333333
1204224 659.959833333
1208320 380.251384615
1212416 414.553266667
1216512 417.286368421
1220608 446.211909091
1224704 542.22725
1228800 440.879428571
1232896 473.399923077
1236992 426.384833333
1241088 517.166769231
1245184 566.5078
1249280 437.8215
1253376 419.143333333
1257472 511.317833333
1261568 407.5151
1265664 700.377
1269760 420.983878788
1273856 443.5283
1277952 477.397545455
1282048 514.859466667
1286144 577.454454545
1290240 362.267625
1294336 428.749428571
1298432 502.177695652
1302528 453.8378
1306624 479.277333333
1310720 488.159444444
1314816 580.892363636
1318912 428.048470588
1323008 474.845133333
1327104 557.611333333
1331200 492.365285714
1335296 504.9822
1339392 492.445583333
1343488 611.071333333
1347584 498.4835
1351680 462.9004
1355776 555.211833333
1359872 595.484333333
1363968 532.13175
1368064 621.7734
1372160 485.3547
1376256 468.195285714
1380352 583.195166667
1384448 424.652666667
1388544 586.085142857
1392640 494.254428571
1396736 505.241588235
1400832 439.917375
1404928 408.845833333
1409024 445.88925
1413120 570.541
1417216 524.060315789
1421312 503.78925
1425408 567.1965
1429504 534.369538462
1433600 648.0284
1437696 489.619263158
1441792 568.9448
1445888 428.0528
1449984 493.6378
1454080 526.460166667
1458176 572.894583333
1462272 494.415882353
1466368 597.171
1470464 553.0695
1474560 693.1697
1478656 724.134
1482752 431.321
1486848 593.141090909
1490944 633.907916667
1495040 539.2382
1499136 475.686
1503232 542.869333333
1507328 611.2356
1511424 560.53375
1515520 513.394
1519616 526.961230769
1523712 532.962545455
1527808 462.3335
1531904 571.066
1536000 519.0842
1540096 518.36269697
1544192 644.129714286
1548288 578.1426
1552384 574.9028
1556480 519.3798
1560576 529.2645
1564672 519.91425
1568768 519.661857143
1572864 670.686
1576960 607.966666667
1581056 559.052272727
1585152 599.44775
1589248 525.7341
1593344 557.540777778
1597440 451.623333333
1601536 717.229888889
1605632 622.199666667
1609728 444.7455
1613824 576.102333333
1617920 519.3546
1622016 527.20325
1626112 596.488
1630208 586.270166667
1634304 670.640111111
1638400 497.1146
1642496 630.545333333
1646592 635.874
1650688 548.886266667
1654784 535.720166667
1658880 600.630875
1662976 590.366973684
1667072 706.9463
1671168 683.1778
1675264 412.8865
1679360 637.718818182
1683456 626.2795
1687552 555.71475
1691648 684.540769231
1695744 694.752666667
1699840 1017.955
1703936 784.778625
1708032 725.618375
1712128 594.814714286
1716224 713.649923077
1720320 700.709222222
1724416 486.045833333
1728512 598.31825
1732608 647.138909091
1736704 585.835666667
1740800 674.216833333
1744896 664.402166667
1748992 618.223571429
1753088 569.720142857
1757184 693.942272727
1761280 678.5025
1765376 528.913
1769472 689.995666667
1773568 657.805666667
1777664 675.442130435
1781760 728.928888889
1785856 687.140904762
1789952 673.6395
1794048 704.18425
1798144 499.8755
1802240 593.7636
1806336 616.209222222
1810432 730.291083333
1814528 582.276307692
1818624 699.529307692
1822720 734.386571429
1826816 700.318833333
1830912 700.0076
1835008 578.123
1839104 661.592
1843200 745.308809917
1847296 725.454866667
1851392 799.3559
1855488 766.781333333
1859584 774.757857143
1863680 543.9835
1867776 721.365333333
1871872 763.046285714
1875968 678.93127551
1880064 701.419
1884160 623.04275
1888256 942.02325
1892352 648.337857143
1896448 761.625
1900544 597.83925
1904640 737.74695
1908736 716.542173077
1912832 696.607264706
1916928 704.796125
1921024 780.640923077
1925120 616.190363636
1929216 807.252611111
1933312 612.2085
1937408 757.308022113
1941504 713.469243902
1945600 650.844846154
1949696 827.5141
1953792 655.854166667
1957888 735.6824
1961984 836.599428571
1966080 608.075875
1970176 733.526482213
1974272 737.440580645
1978368 735.023666667
1982464 624.0864
1986560 750.760538462
1990656 523.593
1994752 709.6629
1998848 626.285083333
2002944 718.180492308
2007040 780.236928571
2011136 856.001785714
2015232 723.8689
2019328 710.4226
2023424 818.665
2027520 809.18
2031616 761.147444253