4096 1.39860420705
8192 2.32890070151
12288 3.23901154177
16384 4.23495020425
20480 5.11348614072
24576 5.72442743386
28672 6.68251287195
32768 8.0869737717
36864 8.65515717927
40960 9.83123695466
45056 10.3576830399
49152 11.8271244944
53248 12.8360018442
57344 13.9943135314
61440 15.4318712871
65536 16.1725253152
69632 17.6801526449
73728 18.9004266028
77824 20.7487073097
81920 21.9057077364
86016 22.4812658797
90112 23.6632087273
94208 26.0506030603
98304 25.9583772392
102400 28.0242144638
106496 29.1448655914
110592 30.3706427406
114688 31.5770871795
118784 32.3883800322
122880 33.5769681051
126976 35.1825542169
131072 32.9167905423
135168 38.3576484848
139264 38.9582680412
143360 40.6590537634
147456 41.7312727273
151552 43.5377092511
155648 43.3567069767
159744 46.3762162162
163840 47.8984484848
167936 46.9711315789
172032 54.3394328358
176128 51.8311627907
180224 56.99648
184320 53.5586796117
188416 56.4952307692
192512 51.6797757009
196608 59.2208928571
200704 61.8378507463
204800 62.0379733333
208896 60.376516129
212992 64.9188148148
217088 69.4641632653
221184 75.3541132075
225280 65.3670434783
229376 67.0100392157
233472 65.7625882353
237568 64.9795789474
241664 71.7943157895
245760 78.0899574468
249856 69.007826087
253952 84.4085
258048 78.6624
262144 84.139654321
266240 80.2341333333
270336 83.6298113208
274432 95.8766086957
278528 86.5151578947
282624 83.3428
286720 83.3855652174
290816 91.60384
294912 82.216
299008 97.2437837838
303104 110.447636364
307200 89.0072222222
311296 87.256
315392 114.069257143
319488 96.1351428571
323584 107.964444444
327680 110.204
331776 98.7535238095
335872 112.84032
339968 110.464421053
344064 118.067714286
348160 109.65773913
352256 102.146588235
356352 113.749714286
360448 108.849647059
364544 124.28625
368640 105.158352941
372736 118.267777778
376832 103.495666667
380928 113.941241379
385024 106.296
389120 132.995058824
393216 125.36
397312 108.512
401408 112.396235294
405504 130.682666667
409600 111.732727273
413696 130.725565217
417792 116.505333333
421888 115.752266667
425984 150.395
430080 139.476
434176 141.261833333
438272 135.559466667
442368 121.425428571
446464 147.859272727
450560 125.783428571
454656 152.299272727
458752 156.663636364
462848 159.040363636
466944 166.042
471040 154.042571429
475136 151.733454545
479232 115.171555556
483328 174.480666667
487424 136.129
491520 129.667272727
495616 179.450285714
499712 176.1016
503808 164.959428571
507904 162.844
512000 214.217714286
516096 160.202
520192 181.0264
524288 160.266086957
528384 215.673777778
532480 198.318
536576 142.743333333
540672 158.804
544768 169.8568
548864 178.484
552960 205.72
557056 178.104333333
561152 145.453866667
565248 199.49425
569344 179.809
573440 170.226153846
577536 182.798666667
581632 173.659272727
585728 170.06
589824 185.536444444
593920 212.844615385
598016 179.791555556
602112 170.853333333
606208 159.148888889
610304 182.627428571
614400 180.564571429
618496 157.6145
622592 209.654285714
626688 187.729866667
630784 247.669714286
634880 207.1224
638976 199.050545455
643072 220.564
647168 219.588
651264 291.556
655360 226.78
659456 173.6264
663552 252.437
667648 200.035466667
671744 205.288
675840 220.0836
679936 239.5182
684032 249.3
688128 264.62
692224 217.5
696320 216.399
700416 265.8824
704512 180.257714286
708608 193.5048
712704 217.4272
716800 247.0664
720896 214.61
724992 182.3936
729088 329.324
733184 281.337
737280 234.0992
741376 288.027636364
745472 217.67
749568 259.28
753664 277.738
757760 271.990222222
761856 243.916827586
765952 221.913333333
770048 254.602
774144 323.817
778240 210.9492
782336 232.8545
786432 230.330285714
790528 312.138285714
794624 235.327
798720 258.2455
802816 259.269666667
806912 238.944
811008 288.122153846
815104 254.4232
819200 226.126
823296 232.3736
827392 307.499333333
831488 232.735333333
835584 301.858
839680 251.205333333
843776 353.7932
847872 254.269
851968 323.739428571
856064 245.4015
860160 334.034
864256 271.948
868352 241.892
872448 238.429714286
876544 201.894
880640 240.3448
884736 276.186285714
888832 280.5554
892928 364.162666667
897024 294.564
901120 255.917142857
905216 286.853333333
909312 240.9528
913408 233.296
917504 269.666909091
921600 279.617111111
925696 292.525818182
929792 258.1984
933888 258.753333333
937984 317.751142857
942080 298.752571429
946176 297.632
950272 279.856
954368 384.9968
958464 305.282
962560 247.478
966656 361.0296
970752 321.328
974848 311.306
978944 267.6112
983040 351.453333333
987136 300.462
991232 351.968
995328 337.916
999424 332.1428
1003520 310.3216
1007616 275.113
1011712 282.2604
1015808 327.903636364
1019904 319.289
1024000 385.24
1028096 250.333333333
1032192 319.872666667
1036288 356.434
1040384 271.628
1044480 286.490666667
1048576 365.839278689
1052672 324.464
1056768 420.798
1060864 300.1785
1064960 296.86
1069056 269.454
1073152 286.6
1077248 302.116
1081344 348.058
1085440 313.226
1089536 239.942666667
1093632 378.324
1097728 269.796
1101824 263.679
1105920 425.04
1110016 331.092
1114112 350.735333333
1118208 460.622
1122304 322.2776
1126400 365.852
1130496 305.116
1134592 467.532
1138688 310.792
1142784 360.648
1146880 318.08
1150976 361.5624
1155072 380.65
1159168 274.0344
1163264 386.425333333
1167360 417.92
1171456 349.136
1175552 361.274666667
1179648 316.168
1183744 363.966
1187840 680.952
1191936 508.872
1196032 458.529333333
1200128 402.178
1204224 359.006
1208320 405.98
1212416 348.651333333
1216512 523.42
1220608 523.797
1228800 405.557333333
1232896 365.3104
1236992 404.2376
1241088 349.474
1245184 585.228
1249280 385.778
1253376 368.256
1257472 361.746666667
1261568 511.6896
1265664 429.19
1269760 395.78
1273856 382.466
1277952 362.078
1282048 458.944
1286144 307.512
1290240 395.0
1294336 397.47
1298432 379.5688
1302528 532.2776
1306624 470.856
1310720 361.377333333
1314816 351.54
1318912 586.474
1323008 361.198666667
1331200 385.682
1335296 349.637333333
1339392 525.044
1347584 567.4392
1351680 336.652
1355776 380.968
1363968 326.64
1368064 398.06
1372160 413.592
1376256 391.858
1380352 852.836
1384448 788.257333333
1388544 370.76
1392640 427.8256
1396736 416.801
1400832 446.1152
1404928 334.228
1409024 598.58
1413120 467.79
1417216 468.871666667
1421312 394.58
1425408 340.348
1429504 379.5336
1433600 361.9456
1437696 397.9
1441792 827.056
1445888 433.63
1449984 496.5672
1454080 633.716
1458176 1028.416
1462272 520.919
1466368 523.768
1474560 430.334
1478656 381.172
1482752 395.042666667
1490944 572.666
1495040 489.774
1507328 456.052
1511424 352.136
1519616 494.084
1523712 443.088
1527808 612.264
1531904 369.67
1536000 704.668
1540096 658.1405
1544192 506.566666667
1548288 577.496
1552384 409.392
1556480 422.256
1560576 474.272
1564672 527.858666667
1568768 431.978666667
1572864 368.774
1576960 460.591
1585152 532.334
1589248 475.152
1593344 688.584
1597440 727.846
1605632 490.77
1609728 459.278
1617920 445.69
1622016 945.476
1626112 602.116
1630208 531.134
1634304 427.592
1638400 431.478
1646592 493.767
1650688 398.810666667
1654784 550.992
1662976 635.596666667
1667072 597.426666667
1683456 626.236
1687552 579.402
1691648 620.32
1695744 600.65
1703936 506.774
1716224 489.428
1724416 564.082
1728512 636.212
1732608 548.002
1740800 403.08
1753088 361.388
1757184 536.22
1761280 611.234
1773568 567.584
1777664 458.95
1781760 945.288
1785856 511.2796
1789952 727.824
1806336 745.858
1810432 513.126666667
1814528 432.128
1818624 497.648
1822720 465.052
1835008 442.704
1843200 604.962222222
1847296 490.576
1859584 665.464
1863680 891.456
1871872 913.936
1875968 980.168
1880064 600.42
1884160 652.058666667
1888256 589.834666667
1896448 628.134
1900544 652.456
1904640 810.800444444
1908736 657.041111111
1912832 482.772
1916928 526.942
1921024 550.148
1929216 487.124
1933312 487.566666667
1937408 633.828857143
1941504 528.384
1945600 717.706666667
1953792 588.368
1961984 700.896
1970176 582.437333333
1990656 825.236
1994752 611.772
2002944 539.758
2007040 514.536
2015232 612.4
2027520 685.558
2031616 626.18421256