0 1.16673057747
4096 1.91666942454
8192 2.7536710212
12288 3.81234919407
16384 4.8392514881
20480 6.02971916509
24576 6.65094085532
28672 7.63462857143
32768 9.86530744337
36864 10.2710096154
40960 13.0709447853
45056 12.9519146341
49152 14.5065367965
53248 15.9988148148
57344 17.7235955056
61440 17.1139169329
65536 18.4741414666
69632 22.4669867452
73728 23.3892385787
77824 22.5583458647
81920 24.3159491525
86016 25.0258294574
90112 26.5805084746
94208 25.4207304348
98304 31.2935555556
102400 29.3997142857
106496 32.6052857143
110592 31.9237052632
114688 34.0103664921
118784 41.773480315
122880 44.55572
126976 46.9687239819
131072 47.0097014886
135168 37.0951794872
139264 35.9698823529
143360 32.9804444444
147456 39.5477647059
151552 36.8107586207
155648 45.496
159744 40.5414444444
163840 38.20175
167936 35.92
172032 43.4126666667
176128 46.134
180224 38.669
184320 51.7466666667
188416 53.7057142857
192512 47.4860869565
196608 57.3610909091
200704 48.796
204800 64.306
208896 65.6653333333
212992 61.1737142857
217088 46.0386666667
221184 59.2421818182
225280 68.7423529412
229376 66.464
233472 69.7028571429
237568 60.9181621622
241664 63.6690810811
245760 62.871875
249856 75.202
253952 68.5916103896