4096 1.46537585019
8192 2.48718459069
12288 3.50713992655
16384 4.68391290882
20480 5.65450908381
24576 6.31255539464
28672 7.65203424808
32768 9.46002653106
36864 10.0288569435
40960 11.4043948681
45056 12.7555340996
49152 14.3330304414
53248 16.4386591252
57344 18.584433432
61440 20.3125546218
65536 20.7211014705
69632 24.0495826163
73728 26.4823354775
77824 29.1537692308
81920 31.4563995108
86016 32.719119764
90112 36.3143685897
94208 37.4561509434
98304 39.8414344828
102400 41.7331297209
106496 42.3751686275
110592 43.9105026178
114688 45.9035151515
118784 48.8796635514
122880 50.6750410959
126976 50.5413380282
131072 58.7189983648
135168 49.7067555556
139264 49.9801818182
143360 49.2861176471
147456 62.84325
151552 52.3427272727
155648 56.9956774194
159744 60.0805901639
163840 69.3706181818
167936 63.6272888889
172032 63.5412765957
176128 62.71425
180224 68.2112156863
184320 72.8132972973
188416 71.5350638298
192512 70.2177
196608 74.847826087
200704 72.6918974359
204800 71.308
208896 74.0861333333
212992 68.7265714286
217088 91.6594482759
221184 95.6395555556
225280 87.7275
229376 71.2906086957
233472 80.4035
237568 100.99275
241664 77.6202857143
245760 85.06048
249856 85.084
253952 117.079714286
258048 100.492
262144 100.48016
266240 109.6995
270336 96.7588
274432 103.629714286
278528 101.396307692
282624 102.438666667
286720 122.810133333
290816 131.337090909
294912 126.415636364
299008 118.9552
303104 154.7344
307200 114.1012
311296 143.036
315392 118.6092
319488 137.749454545
323584 123.768444444
327680 184.5764
331776 111.719428571
335872 158.372
339968 126.62
344064 129.828363636
348160 128.3625
352256 123.329
356352 90.2775
360448 167.545777778
364544 167.9888
368640 139.022
372736 165.697714286
376832 114.512666667
380928 169.614
385024 160.3248
389120 159.0355
393216 160.248
397312 94.451
401408 160.278666667
405504 203.755333333
409600 139.367272727
413696 135.026285714
417792 132.372
421888 134.988
425984 169.9704
430080 222.603
434176 172.335789474
438272 211.135384615
442368 149.163
446464 151.497142857
450560 218.766
454656 158.583
458752 286.8784
462848 304.068
466944 169.138
471040 192.12
475136 155.04
479232 199.944
483328 366.286
487424 135.117333333
495616 166.516
499712 198.492666667
503808 168.9152
507904 193.225
512000 205.97
516096 182.788
520192 256.22
524288 227.8
528384 266.277333333
532480 309.617
536576 193.537333333
540672 218.898
544768 232.226
548864 250.1
552960 263.844
557056 314.448
561152 270.132
565248 198.887
569344 281.982
581632 164.828
585728 365.6408
589824 248.28
593920 220.424
598016 214.66
602112 245.96
606208 177.48
610304 128.566
614400 248.21
618496 174.992
622592 235.11
626688 182.672
630784 368.936
634880 313.38
638976 221.868
643072 245.666
647168 278.298666667
651264 366.536
655360 253.952
663552 270.92
667648 230.997333333
671744 276.396
675840 378.44
679936 285.938
684032 261.846666667
688128 142.088
692224 328.812
696320 188.452
700416 200.846
704512 253.546666667
708608 302.668
712704 333.29
716800 448.428
720896 241.73
724992 292.392
729088 326.897
737280 331.874666667
741376 193.168
745472 310.798666667
749568 265.786
753664 330.688
757760 321.244
761856 377.516
765952 502.905
770048 543.152
774144 160.356
778240 333.632
782336 497.828
786432 223.804
790528 254.844
794624 364.142
802816 376.388
806912 284.496
811008 353.94
815104 261.205
823296 319.156
827392 698.712
835584 438.216
839680 408.952
843776 304.024
847872 481.26
864256 367.956
868352 359.696
872448 310.782
876544 539.04
880640 459.65
884736 414.484
888832 319.266
892928 477.82
897024 496.624
901120 386.036
905216 240.312
925696 628.842
929792 402.102
937984 453.778
946176 315.508
950272 485.81
954368 482.324
962560 553.156
966656 365.128
970752 347.228
974848 352.712
978944 276.0
999424 387.624
1003520 368.194
1007616 476.008
1015808 360.58
1032192 360.396
1036288 730.1
1040384 505.22
1048576 368.624
1052672 404.476
1056768 481.536
1118208 543.092
1134592 462.208
1138688 328.384
1150976 327.416
1163264 450.682
1171456 380.188
1175552 415.928
1179648 524.952
1204224 493.1
1220608 452.18
1245184 570.008
1265664 351.608
1269760 683.572
1273856 567.684
1286144 540.364
1294336 625.701333333
1323008 883.856
1335296 455.562
1372160 611.36
1388544 349.184
1392640 548.308
1400832 911.24
1404928 332.076
1417216 699.476
1425408 597.856
1511424 635.428
1523712 549.128
1540096 670.12
1552384 812.092
1556480 598.844
1560576 589.548
1593344 457.008
1617920 757.624
1638400 896.944
1646592 654.72
1650688 667.464
1724416 1209.524
1753088 768.524
1757184 539.7
1769472 458.836
1785856 480.092
1789952 1060.092
1798144 824.248
1843200 701.807
1884160 739.948
1896448 648.364
1933312 940.6
1937408 685.152
1945600 589.948
1970176 708.328
2031616 857.796190476