4096 2.91705357087
8192 3.94271148573
12288 4.93956224516
16384 6.04922512266
20480 7.0611465275
24576 7.75313666422
28672 8.92845888303
32768 10.1486447773
36864 11.1898701678
40960 12.6325160467
45056 13.318011377
49152 15.1021578544
53248 17.2890143133
57344 18.5906321578
61440 20.254769656
65536 21.2307788937
69632 23.9450122672
73728 26.5840658145
77824 28.6359385122
81920 30.4961896477
86016 33.8599540943
90112 35.0403157454
94208 36.5669465301
98304 37.0207283951
102400 40.6012409639
106496 41.7752269076
110592 43.573530837
114688 45.2705949721
118784 46.0370993789
122880 46.6692906977
126976 49.0181156716
131072 56.9824546397
135168 45.0394414414
139264 42.8802873563
143360 53.573483871
147456 53.2875454545
151552 52.9953333333
155648 51.721254902
159744 58.8042151899
163840 56.1837719298
167936 53.2678627451
172032 58.0836590909
176128 56.963
180224 58.7042244898
184320 65.8004146341
188416 64.928173913
192512 63.7990425532
196608 68.4803243243
200704 73.539
204800 64.7453
208896 76.8824782609
212992 69.6073913043
217088 67.4262424242
221184 79.5913703704
225280 76.4011923077
229376 77.9187272727
233472 77.4415833333
237568 79.2041363636
241664 100.116666667
245760 94.3516
249856 91.5115714286
253952 82.962
258048 101.013307692
262144 98.6965789474
266240 88.3172727273
270336 83.5096428571
274432 103.424636364
278528 86.1794444444
282624 106.5794
286720 86.568125
290816 83.674125
294912 100.47475
299008 128.936714286
303104 104.170222222
307200 122.290272727
311296 125.082428571
315392 111.91025
319488 126.362272727
323584 104.473285714
327680 142.753454545
331776 135.533545455
335872 138.321214286
339968 137.092
344064 107.399636364
348160 103.117857143
352256 95.582125
356352 129.2445
360448 135.787071429
364544 184.80175
368640 127.194166667
372736 163.9154
376832 225.542
380928 106.3509
385024 116.07325
389120 171.025666667
393216 150.499666667
397312 110.93025
401408 176.84675
405504 102.10175
409600 157.175777778
413696 121.831333333
417792 121.7486
421888 160.067
425984 145.689666667
430080 174.77025
434176 167.3486
438272 213.556
442368 122.24325
446464 137.9075
450560 177.7855
454656 195.083
458752 163.8568
462848 126.9105
466944 224.60825
471040 163.885
475136 99.997
479232 179.3195
483328 181.207375
487424 164.822857143
491520 197.979333333
495616 177.474
499712 169.77
507904 236.328666667
512000 161.082
516096 139.7312
520192 225.9365
524288 173.455
532480 222.218333333
536576 176.9945
540672 195.1978
544768 270.991
548864 156.05
552960 174.094
557056 228.950571429
561152 226.53575
565248 280.736
569344 236.795714286
573440 222.2284
577536 206.2155
581632 124.7675
585728 125.127
593920 193.124
602112 192.363
606208 263.095
610304 312.1095
614400 239.111
618496 209.513666667
622592 245.170833333
626688 341.7365
630784 237.348333333
634880 288.514666667
638976 228.746333333
643072 373.671
647168 260.1932
651264 205.678
655360 221.36825
659456 244.795
663552 242.003166667
667648 234.326333333
675840 254.16
679936 247.18275
684032 217.99225
688128 286.666
696320 256.258666667
700416 345.12
704512 302.215
708608 288.879
712704 190.768
716800 327.171
720896 213.993666667
729088 264.1635
733184 253.01175
737280 246.047
741376 223.375333333
745472 297.115
753664 162.04
757760 186.883
761856 296.146666667
765952 197.467
770048 207.975
774144 310.352
778240 440.575
782336 230.3465
786432 242.4105
790528 270.318666667
794624 225.143
802816 488.458
806912 355.5345
811008 306.412
815104 328.34
819200 169.88
823296 314.348
827392 355.5005
835584 202.7725
839680 288.785
843776 270.4315
847872 328.3665
856064 321.162
860160 281.2095
864256 306.068
868352 516.272
876544 274.211
880640 336.547
884736 360.138
888832 282.495
897024 377.746333333
901120 266.536
909312 442.823
913408 398.515
917504 429.455
921600 408.647
925696 355.3465
929792 409.3815
942080 514.228
946176 198.566
950272 541.067
954368 337.074666667
962560 404.34
974848 429.5495
978944 363.115
991232 361.119
995328 302.687
999424 601.251
1007616 230.415
1015808 369.079333333
1019904 594.436
1024000 317.184
1028096 417.012
1036288 421.0935
1040384 470.560666667
1044480 454.859
1056768 915.892
1069056 285.274
1077248 312.1855
1081344 685.703
1085440 458.985
1093632 348.947
1101824 433.94
1110016 404.922
1114112 519.637
1122304 585.376
1126400 467.002666667
1130496 501.6615
1150976 296.849
1167360 468.006
1171456 333.555
1179648 353.115
1183744 296.947
1212416 597.612
1228800 263.919
1245184 488.6765
1253376 648.887
1257472 328.169
1261568 395.335
1265664 781.972
1294336 624.26
1298432 603.462
1302528 497.084
1314816 573.1825
1335296 766.115
1347584 395.755
1376256 773.619
1384448 531.047
1409024 442.82
1433600 485.822
1462272 514.22
1474560 553.188
1511424 506.249
1519616 443.344
1540096 491.983
1568768 951.047
1609728 1382.99
1638400 822.563
1662976 853.781
1736704 631.9425
1843200 782.467666667
1855488 569.563
1871872 961.696
1904640 692.447
1908736 773.335
2031616 775.244058824