6 0 0 0 0 0 0 1 0 0 0
10 0 0 9 9 0 0 0 0 0 0
13 0 0 2 2 0 0 0 0 0 0
16 0 0 7862632 7862632 0 0 0 0 0 0
20 0 0 5894404 5894404 0 0 5 1 21 42
25 0 0 6613723 6613723 0 0 0 0 1 2
32 0 0 9611889 9611889 0 0 0 0 0 0
40 0 0 14249994 14249994 0 0 0 0 1 2
50 0 0 17395924 17395924 0 0 0 0 4 8
63 0 0 11283624 11283624 0 0 0 0 3 6
79 0 0 2321713 2321713 0 0 0 0 1 2
100 0 0 105779 105779 0 0 8 0 6 12
126 1 0 213175 213175 0 0 11 0 4629 9258
158 0 0 2250 2250 0 0 6 0 7 14
200 0 0 10 10 0 0 18 0 23313 46626
251 2 0 1136780 1136780 0 0 59 5 1482 2964
316 0 0 8264726 8264726 0 0 2 2 9275 18550
398 0 0 7838 7838 0 0 495 49 766 1532
501 1 0 17 17 0 0 108 17 682 1364
631 0 0 831 831 0 0 446 53 659 1318
794 0 0 43245 43245 0 0 229 38 878 1756
1000 0 0 55877 55877 0 0 566 79 2867 5734
1259 0 0 23663 23663 0 0 106 9 1228 2456
1585 0 0 13839 13839 0 0 53 13 7847 15694
1995 0 0 10269 10269 0 0 160 14 130 260
2512 0 0 8470 8470 0 0 235 27 62 124
3162 0 0 140348 140348 0 0 166 25 993 1986
3981 0 0 655726 655726 649661641 714458657 433 48 512 1024
5012 0 0 5606748 5606748 0 0 57 6 69 138
6310 0 0 299424 299424 0 0 60 8 43 86
7943 0 0 222 222 0 0 57 6 61 122
10000 0 0 102576 102576 0 0 47 11 93 186
12589 0 0 1071775 1071775 0 0 77 7 216 432
15849 0 0 17955 17955 0 0 107 11 134 268
19953 0 0 823 823 0 0 80 6 438 876
25119 0 0 1152 1152 0 0 130 22 972 1944
31623 0 0 3895774 3895774 0 0 167 15 257 514
39811 0 0 13705 13705 0 0 260 32 209 418
50119 0 0 1788 1788 0 0 630 60 387 774
63096 0 0 340452 340452 0 0 903 84 219 438
79433 0 0 175 175 0 0 400 40 23 46
100000 0 0 368 368 0 0 637 70 25 50
125893 0 0 33615 33615 0 0 1291 143 438 876
158489 0 0 935840 935840 0 0 899 85 335 670
199526 0 0 233583 233583 0 0 1003 89 58 116
251189 0 0 454163 454163 0 0 830 86 38 76
316228 0 0 2019236 2019236 0 0 935 91 52 104
398107 0 0 2590235 2590235 0 0 988 114 91 182
501187 0 0 4432892 4432892 0 0 1972 242 1933 3866
630957 0 0 73552 73552 0 0 3646 408 115 230
794328 0 0 1428756 1428756 0 0 7394 811 225 450
1000000 0 0 282761 282761 0 0 14182 1650 5668 11336
1258925 1 0 7526 7526 0 0 17685 1934 73 146
1584893 0 0 40920 40920 0 0 8736 988 143 286
1995262 0 0 33248 33248 0 0 1875 224 39 78
2511886 0 0 6262 6262 0 0 3211 375 55 110
3162278 0 0 119642 119642 0 0 3292 392 688 1376
3981072 0 0 3546 3546 0 0 3091 362 470 940
5011872 0 0 2312 2312 0 0 1825 215 61 122
6309573 0 0 9625 9625 0 0 1166 127 676 1352
7943282 0 0 24 24 0 0 2798 343 1387 2774
10000000 0 0 264 264 0 0 3727 407 963 1926
12589254 1 0 350 350 0 0 4080 464 596 1192
15848932 0 0 3011 3011 0 0 2691 298 1436 2872
19952623 0 0 53 53 0 0 3729 428 1717 3434
25118864 0 0 7 7 0 0 3476 412 688 1376
31622777 0 0 4 4 0 0 7073 773 1269 2538
39810717 1 0 477 477 0 0 8035 895 553 1106
50118723 0 0 307 307 0 0 4578 561 1116 2232
63095734 1 0 140 140 0 0 4404 454 420 840
79432823 0 0 50 50 0 0 8577 1007 324 648
100000000 0 0 0 0 0 0 35488 4038 2060 4120
125892541 3 11978 135 135 0 0 248141 27848 20509 41018
