3 0 0 0 0 0 0 2 0 0 0
4 0 0 0 0 0 0 2 0 0 0
6 0 0 0 0 0 0 1 0 0 0
8 0 0 0 0 0 0 2 0 0 0
10 0 0 9 9 0 0 0 0 0 0
13 0 0 2 2 0 0 0 0 0 0
16 0 0 7862632 7862632 0 0 0 0 0 0
20 0 0 5894404 5894404 0 0 6 0 21 42
25 0 0 6613723 6613723 0 0 3 0 1 2
32 0 0 9611889 9611889 0 0 7 1 0 0
40 0 0 14249994 14249994 0 0 3 1 1 2
50 0 0 17395924 17395924 0 0 0 0 4 8
63 0 0 11283624 11283624 0 0 0 0 3 6
79 0 0 2321713 2321713 0 0 1 0 1 2
100 0 0 105779 105779 0 0 16 1 7 14
126 1 0 213175 213175 0 0 18 4 4631 9262
158 0 0 2250 2250 0 0 8 2 9 18
200 0 0 10 10 0 0 30 4 23313 46626
251 2 0 1136780 1136780 0 0 77 5 1484 2968
316 0 0 8264726 8264726 0 0 31 1 9276 18552
398 0 0 7838 7838 0 0 493 65 767 1534
501 1 0 17 17 0 0 151 9 685 1370
631 0 0 831 831 0 0 475 51 660 1320
794 0 0 43245 43245 0 0 271 43 880 1760
1000 0 0 55877 55877 0 0 631 69 2874 5748
1259 0 0 23663 23663 0 0 164 10 1232 2464
1585 0 0 13839 13839 0 0 147 9 7866 15732
1995 0 0 10269 10269 0 0 256 21 139 278
2512 0 0 8470 8470 0 0 362 38 71 142
3162 0 0 140348 140348 0 0 322 30 1001 2002
3981 0 0 655726 655726 38232484 117951491 619 62 527 1054
5012 0 0 5606761 5606761 0 0 295 35 95 190
6310 0 0 299424 299424 0 0 368 36 77 154
7943 0 0 244 244 0 0 415 56 108 216
10000 0 0 105555 105555 0 0 552 53 152 304
12589 0 0 1074675 1074675 0 0 772 102 302 604
15849 0 0 18090 18090 0 0 885 107 266 532
19953 0 0 1052 1052 0 0 1071 116 615 1230
25119 0 0 1349 1349 0 0 1453 181 1213 2426
31623 0 0 3896163 3896163 0 0 1766 208 502 1004
39811 0 0 13999 13999 0 0 2508 251 392 784
50119 0 0 8345 8345 0 0 3141 355 536 1072
63096 0 0 341262 341262 0 0 4052 425 360 720
79433 2 0 1375 1375 0 0 4355 454 217 434
100000 1 0 2063 2063 0 0 5644 612 281 562
125893 0 0 37035 37035 0 0 7119 798 768 1536
158489 0 0 938151 938151 0 0 8213 897 729 1458
199526 0 0 236276 236276 0 0 9091 1022 536 1072
251189 0 0 456227 456227 0 0 9985 1151 613 1226
316228 0 0 2019720 2019720 0 0 12761 1348 1146 2292
398107 0 0 2629149 2629149 0 0 15510 1725 1835 3670
501187 0 0 4450302 4450302 0 0 18818 2106 3888 7776
630957 0 0 75364 75364 0 0 25711 2888 2055 4110
794328 0 0 1438251 1438251 0 0 34808 3909 4329 8658
1000000 494 11978 944508 944508 0 0 36766602 4085352 3059241 6118482
