1 0.769565770513
2 0.00047014666633
3 0.00406204516644
4 0.0538118167339
5 0.00269108878351
6 3.51226312539e-06
7 0.000811757142806
8 0.000118008429432
9 0.000859411962281
10 0.00904791485335
20 0.0353075893776
30 9.84517149595e-05
40 0.00303217558065
50 4.06302932243e-06
60 6.28415201869e-06
70 7.47597395327e-06
80 1.38684734206e-05
90 0.000760617147067
100 0.0171036379462
200 0.0383572811291
300 0.0408314222047
400 0.000418528136027
500 0.0129499218093
600 0.00135216712955
700 0.001569990646
800 0.000126287980295
900 0.000360490019394
1000 0.00057927963393
2000 0.00119379024656
3000 0.000131795642266
4000 3.67929877531e-05
5000 5.76950163785e-05
6000 3.25222924875e-05
7000 4.46933225467e-05
8000 3.56463105888e-05
9000 2.3357904127e-05
10000 0.000238292155284
20000 0.000187468172937
30000 9.35038481402e-05
40000 5.53023435553e-05
50000 5.6340673271e-05
60000 0.000363009097574
70000 0.000122197864111
80000 0.000318108109084
90000 0.00268763069411
100000 7.58432140187e-07
200000 3.61158161994e-08
400000 5.41737242991e-08
