3 0 0 0 0 0 0 0 2 0 0
4 0 0 0 0 0 0 0 2 0 0
6 0 0 0 0 0 0 0 1 0 0
8 0 0 0 0 0 0 0 2 0 0
10 0 0 9 9 0 0 0 0 0 0
13 0 0 2 2 0 0 0 0 0 0
16 0 0 7862632 7862632 0 0 0 0 0 0
20 0 0 5894404 5894404 0 0 0 6 0 63
25 0 0 6613723 6613723 0 0 0 3 0 3
32 0 0 9611889 9611889 0 0 0 8 0 0
40 0 0 14249994 14249994 0 0 0 4 0 3
50 0 0 17395924 17395924 0 0 0 0 0 12
63 0 0 11283624 11283624 0 0 0 0 0 9
79 0 0 2321713 2321713 0 0 0 1 0 3
100 0 0 105779 105779 0 0 0 17 0 21
126 0 0 213175 213175 0 0 0 22 0 13893
158 0 0 2250 2250 0 0 0 10 0 27
200 0 0 10 10 0 0 0 34 0 69939
251 0 0 1136780 1136780 0 0 0 82 0 4452
316 0 0 8264726 8264726 0 0 0 32 0 27828
398 0 0 7838 7838 0 0 0 558 0 2301
501 0 0 17 17 0 0 0 160 0 2055
631 0 0 831 831 0 0 0 526 0 1980
794 0 0 43245 43245 0 0 0 314 0 2640
1000 0 0 55877 55877 0 0 0 700 0 8622
1259 0 0 23663 23663 0 0 0 174 0 3696
1585 0 0 13839 13839 0 0 0 156 0 23598
1995 0 0 10269 10269 0 0 0 277 0 417
2512 0 0 8470 8470 0 0 0 400 0 213
3162 0 0 140348 140348 0 0 0 352 0 3003
3981 0 0 655726 655726 0 0 0 681 0 1581
5012 0 0 5606761 5606761 0 0 0 330 0 285
6310 0 0 299424 299424 0 0 0 404 0 231
7943 0 0 244 244 0 0 0 471 0 324
10000 0 0 105555 105555 0 0 0 605 0 456
12589 0 0 1074675 1074675 0 0 0 874 0 906
15849 0 0 18090 18090 0 0 0 992 0 798
19953 0 0 1052 1052 0 0 0 1187 0 1845
25119 0 0 1349 1349 0 0 0 1634 0 3639
31623 0 0 3896163 3896163 0 0 0 1974 0 1506
39811 0 0 13999 13999 0 0 0 2759 0 1176
50119 0 0 8345 8345 0 0 0 3496 0 1608
63096 0 0 341262 341262 0 0 0 4477 0 1080
79433 0 0 1375 1375 0 0 0 4809 0 651
100000 0 0 2063 2063 0 0 0 6256 0 843
125893 0 0 37035 37035 0 0 0 7917 0 2304
158489 0 0 938151 938151 0 0 0 9110 0 2187
199526 0 0 236276 236276 0 0 0 10113 0 1608
251189 0 0 456227 456227 0 0 0 11136 0 1839
316228 0 0 2019720 2019720 0 0 0 14109 0 3438
398107 0 0 2629149 2629149 0 0 0 17235 0 5505
501187 0 0 4450302 4450302 0 0 0 20924 0 11664
630957 0 0 75364 75364 0 0 0 28599 0 6165
794328 0 0 1438251 1438251 0 0 0 38717 0 12987
1000000 0 0 944508 944508 0 0 0 40851954 0 9177723
