1 0.107282303036
2 5.18984434227e-05
3 0.859787067921
4 0.00750779089204
5 0.000375377639989
6 3.88002198536e-07
7 0.000113126576074
8 1.64000214988e-05
9 0.000119830951725
10 0.00125948348077
20 0.00492533329153
30 1.25137007765e-05
40 0.000422153950492
50 3.94300935526e-07
60 6.81523342234e-07
70 7.53328943911e-07
80 1.16022735342e-06
90 0.000105392356925
100 0.00238441334197
200 0.00535091312507
300 0.00569200422013
400 5.61034802367e-05
500 0.00180403826767
600 0.000183380798831
700 0.000201790117429
800 1.20954646404e-05
900 4.75334186892e-05
1000 8.13009476884e-05
2000 0.000171201560988
3000 2.9349594875e-05
4000 1.18580022559e-05
5000 1.29502032498e-05
6000 9.34858543941e-06
7000 1.26314871582e-05
8000 8.93475841922e-06
9000 7.4255810366e-06
10000 0.00194067739906
