6 0 0 0 0 0 0 1 0 0 0
10 0 0 9 0 0 0 0 0 0 0
13 0 0 2 0 0 0 0 0 0 0
16 0 0 7862632 0 0 0 0 0 0 0
20 0 0 5894404 0 0 0 5 1 21 42
25 0 0 6613723 0 0 0 0 0 1 2
32 0 0 9611889 0 0 0 0 0 0 0
40 0 0 14249994 0 0 0 0 0 1 2
50 0 0 17395924 0 0 0 0 0 4 8
63 0 0 11283624 0 0 0 0 0 3 6
79 0 0 2321713 0 0 0 0 0 1 2
100 0 0 105779 0 0 0 7 1 6 12
126 0 0 213175 0 0 0 9 2 4629 9258
158 0 0 2250 0 0 0 5 1 7 14
200 0 0 10 0 0 0 15 3 23313 46626
251 0 0 1136780 0 0 0 57 7 1482 2964
316 0 0 8264726 0 0 0 4 0 9275 18550
398 0 0 7838 0 0 0 489 55 766 1532
501 0 0 17 0 0 0 116 9 682 1364
631 0 0 831 0 0 0 456 43 659 1318
794 0 0 43245 0 0 0 238 29 878 1756
1000 0 0 55877 0 0 0 590 55 2867 5734
1259 0 0 23663 0 0 0 108 7 1228 2456
1585 0 0 13839 0 0 0 62 4 7847 15694
1995 0 0 10269 0 0 0 159 15 130 260
2512 0 0 8470 0 0 0 231 31 62 124
3162 0 0 140348 0 0 0 165 26 993 1986
3981 0 0 655726 0 0 0 442 39 512 1024
5012 0 0 5606748 0 0 0 58 5 69 138
6310 0 0 299424 0 0 0 58 10 43 86
7943 0 0 222 0 0 0 55 8 61 122
10000 0 0 102576 0 0 0 50 8 93 186
12589 0 0 1071775 0 0 0 78 6 216 432
15849 0 0 17955 0 0 0 108 10 134 268
19953 0 0 823 0 0 0 78 8 438 876
25119 0 0 1152 0 0 0 142 10 972 1944
31623 0 0 3895774 0 0 0 172 10 257 514
39811 0 0 13705 0 0 0 268 24 209 418
50119 0 0 1788 0 0 0 633 57 387 774
63096 0 0 340452 0 0 0 894 93 219 438
79433 0 0 175 0 0 0 399 41 23 46
100000 0 0 368 0 0 0 627 80 25 50
125893 0 0 33615 0 0 0 1278 156 438 876
158489 0 0 935840 0 0 0 896 88 335 670
199526 0 0 233583 0 0 0 989 103 58 116
251189 0 0 454163 0 0 0 820 96 38 76
316228 0 0 2019236 0 0 0 938 88 52 104
398107 0 0 2590235 0 0 0 989 113 91 182
501187 0 0 4432892 0 0 0 2004 210 1933 3866
630957 0 0 73552 0 0 0 3646 408 115 230
794328 0 0 1428756 0 0 0 7378 827 225 450
1000000 0 0 282761 0 0 0 14315 1517 5668 11336
1258925 0 0 7526 0 0 0 17688 1931 73 146
1584893 0 0 40920 0 0 0 8772 952 143 286
1995262 0 0 33248 0 0 0 1888 211 39 78
2511886 0 0 6262 0 0 0 3225 361 55 110
3162278 0 0 119642 0 0 0 3347 337 688 1376
3981072 0 0 3546 0 0 0 3118 335 470 940
5011872 0 0 2312 0 0 0 1864 176 61 122
6309573 0 0 9625 0 0 0 1182 111 676 1352
7943282 0 0 24 0 0 0 2813 328 1387 2774
10000000 0 0 264 0 0 0 3737 397 963 1926
12589254 0 0 350 0 0 0 4072 472 596 1192
15848932 0 0 3011 0 0 0 2688 301 1436 2872
19952623 0 0 53 0 0 0 3752 405 1717 3434
25118864 0 0 7 0 0 0 3530 358 688 1376
31622777 0 0 0 0 0 0 7054 792 1269 2538
39810717 0 0 470 0 0 0 8035 895 553 1106
50118723 0 0 301 0 0 0 4648 491 1116 2232
63095734 0 0 83 0 0 0 4397 461 420 840
79432823 0 0 44 0 0 0 8654 930 324 648
100000000 0 0 0 0 0 0 35532 3994 2060 4120
125892541 0 0 5 0 0 0 248527 27462 20509 41018
158489319 0 0 11 0 0 0 0 0 0 0
199526231 0 0 59 0 0 0 0 0 0 0
251188643 0 0 14 0 0 0 0 0 0 0
316227766 0 0 4 0 0 0 0 0 0 0
630957344 0 0 6 0 0 0 0 0 0 0
