1 0.107468473714
2 5.19683188312e-05
3 0.861279161285
4 0.00752080187289
5 0.000376000689768
6 3.67853646402e-07
7 0.000113298923092
8 1.64057678561e-05
9 0.000120001683445
10 0.00126117770864
20 0.00493362281914
30 1.24420343969e-05
40 0.00042279129501
50 3.26209837375e-07
60 5.99418463262e-07
70 6.62515143606e-07
80 1.07579839985e-06
90 0.000105464208294
100 0.00238778029357
200 0.0053595967107
300 0.0057012948902
400 5.54809110259e-05
500 0.00180548437645
600 0.000182839036432
700 0.000201409651391
800 1.12356258687e-05
900 4.58233331326e-05
1000 7.16765669365e-05
2000 0.000160794318253
3000 1.66846551832e-05
4000 2.92390016711e-06
5000 4.03944947558e-06
6000 2.36170874525e-06
7000 3.20846619546e-06
8000 2.49168790676e-06
9000 1.85314950169e-06
10000 1.85901749296e-05
20000 1.33563052951e-05
30000 6.78730990454e-06
40000 4.01042500263e-06
50000 3.94417348826e-06
60000 2.53755919337e-05
70000 8.55717178817e-06
80000 2.22333772526e-05
90000 0.000195524624015
