6 0 0 0 0 0 0 1 0 0 0
10 0 0 9 9 0 0 0 0 0 0
13 0 0 2 2 0 0 0 0 0 0
16 0 0 7862632 7862632 0 0 0 0 0 0
20 0 0 5894404 5894404 0 0 6 0 21 42
25 0 0 6613723 6613723 0 0 0 0 1 2
32 0 0 9611889 9611889 0 0 0 0 0 0
40 0 0 14249994 14249994 0 0 0 0 1 2
50 0 0 17395924 17395924 0 0 0 0 4 8
63 0 0 11283624 11283624 0 0 0 0 3 6
79 0 0 2321713 2321713 0 0 0 0 1 2
100 0 0 105779 105779 0 0 6 2 6 12
126 1 0 213175 213175 0 0 11 0 4630 9260
158 0 0 2250 2250 0 0 6 0 7 14
200 0 0 10 10 0 0 16 2 23313 46626
251 2 0 1136780 1136780 0 0 54 11 1482 2964
316 0 0 8264726 8264726 0 0 4 0 9275 18550
398 0 0 7838 7838 0 0 498 46 767 1534
501 1 0 17 17 0 0 107 18 682 1364
631 0 0 831 831 0 0 451 48 659 1318
794 0 0 43245 43245 0 0 242 25 879 1758
1000 0 0 55877 55877 0 0 593 52 2868 5736
1259 0 0 23663 23663 0 0 113 6 1228 2456
1585 0 0 13839 13839 0 0 63 3 7849 15698
1995 0 0 10269 10269 0 0 159 16 134 268
2512 0 0 8470 8470 0 0 237 29 64 128
3162 0 0 140348 140348 0 0 180 20 995 1990
3981 0 0 655726 655726 649661641 714458657 427 58 513 1026
5012 0 0 5606748 5606748 0 0 62 6 74 148
6310 0 0 299424 299424 0 0 75 4 54 108
7943 0 0 222 222 0 0 74 3 72 144
10000 0 0 102576 102576 0 0 61 10 106 212
12589 0 0 1071775 1071775 0 0 96 10 248 496
15849 0 0 17955 17955 0 0 129 14 183 366
19953 0 0 823 823 0 0 107 7 511 1022
25119 0 0 1152 1152 0 0 184 13 1069 2138
31623 0 0 3895774 3895774 0 0 194 25 340 680
39811 0 0 13705 13705 0 0 308 34 237 474
50119 0 0 1788 1788 0 0 672 78 404 808
63096 0 0 340452 340452 0 0 967 112 238 476
79433 0 0 175 175 0 0 485 49 39 78
100000 0 0 368 368 0 0 756 82 56 112
125893 0 0 33615 33615 0 0 1443 144 487 974
158489 0 0 935840 935840 0 0 1050 131 390 780
199526 0 0 233583 233583 0 0 1173 151 104 208
251189 0 0 454174 454174 0 0 1066 124 87 174
316228 0 0 2019236 2019236 0 0 1227 139 123 246
398107 0 0 2590235 2590235 0 0 1326 165 143 286
501187 0 0 4432903 4432903 0 0 2476 242 1997 3994
630957 0 0 73552 73552 0 0 4313 512 231 462
794328 0 0 1428756 1428756 0 0 8133 954 987 1974
1000000 0 0 282772 282772 0 0 15095 1683 5966 11932
1258925 1 0 7526 7526 0 0 18878 2152 690 1380
1584893 0 0 40973 40973 0 0 10503 1159 1990 3980
1995262 0 0 33248 33248 0 0 4558 497 318 636
2511886 0 0 6262 6262 0 0 6220 683 465 930
3162278 0 0 119738 119738 0 0 8196 985 1126 2252
3981072 0 0 3668 3668 0 0 9729 1090 1859 3718
5011872 1 0 2320 2320 0 0 15970 1751 561 1122
6309573 0 0 9733 9733 0 0 12820 1334 1030 2060
7943282 0 0 50 50 0 0 17174 1873 1819 3638
10000000 0 0 601 601 0 0 19343 2102 1770 3540
12589254 2 0 354 354 0 0 19712 2184 1979 3958
15848932 29 11978 6716 6716 0 0 2249237 250372 186286 372572
