1 0.104134900104
2 5.06258005338e-05
3 0.834561096833
4 0.00728778036632
5 0.000364604931816
6 6.4807676641e-07
7 0.000111145165439
8 2.03239319519e-05
9 0.00011842808095
10 0.00122613923189
20 0.00478423230499
30 2.28630478112e-05
40 0.000413047447319
50 3.94959991604e-06
60 4.10000263731e-06
70 4.58789439164e-06
80 5.87182006094e-06
90 0.000106309656811
100 0.00234202776656
200 0.00526169124617
300 0.00556499300703
400 7.47269195261e-05
500 0.00178203930614
600 0.00034293838045
700 0.0314109290776
