1 0.107441658134
2 5.19566132927e-05
3 0.861064255801
4 0.00751892527919
5 0.000375911916389
6 3.67761859402e-07
7 0.000113271283505
8 1.64035667099e-05
9 0.000119971740573
10 0.00126086995794
20 0.00493239808755
30 1.24452379488e-05
40 0.000422691477229
50 3.30544106907e-07
60 6.04315371025e-07
70 6.66765498093e-07
80 1.08246886918e-06
90 0.000105441046866
100 0.00238724505131
200 0.00535831552387
300 0.00569991708812
400 5.55011311109e-05
500 0.00180506604249
600 0.000182818015922
700 0.000201394720892
800 1.1268147675e-05
900 4.58383932681e-05
1000 7.19160523894e-05
2000 0.0001612468589
3000 1.70135593652e-05
4000 3.27263898213e-06
5000 4.29013448678e-06
6000 2.6153356245e-06
7000 3.58488961747e-06
8000 2.76105258766e-06
9000 2.19080092231e-06
10000 3.99138317184e-05
20000 2.47308811284e-05
30000 2.64170345593e-05
40000 0.000453430817553
