6 0 0 0 0 0 0 1 0 0 0
10 0 0 9 9 0 0 0 0 0 0
13 0 0 2 2 0 0 0 0 0 0
16 0 0 7862632 7862632 0 0 0 0 0 0
20 0 0 5894404 5894404 0 0 6 0 21 42
25 0 0 6613723 6613723 0 0 0 0 1 2
32 0 0 9611889 9611889 0 0 0 0 0 0
40 0 0 14249994 14249994 0 0 0 0 1 2
50 0 0 17395924 17395924 0 0 0 0 4 8
63 0 0 11283624 11283624 0 0 0 0 3 6
79 0 0 2321713 2321713 0 0 0 0 1 2
100 0 0 105779 105779 0 0 7 1 6 12
126 1 0 213175 213175 0 0 9 2 4629 9258
158 0 0 2250 2250 0 0 5 1 7 14
200 0 0 10 10 0 0 16 2 23313 46626
251 2 0 1136780 1136780 0 0 58 6 1482 2964
316 0 0 8264726 8264726 0 0 4 0 9275 18550
398 0 0 7838 7838 0 0 501 43 766 1532
501 1 0 17 17 0 0 115 10 682 1364
631 0 0 831 831 0 0 459 40 659 1318
794 0 0 43245 43245 0 0 234 33 878 1756
1000 0 0 55877 55877 0 0 572 73 2867 5734
1259 0 0 23663 23663 0 0 104 11 1228 2456
1585 0 0 13839 13839 0 0 60 6 7847 15694
1995 0 0 10269 10269 0 0 159 15 130 260
2512 0 0 8470 8470 0 0 243 20 62 124
3162 0 0 140348 140348 0 0 177 16 993 1986
3981 0 0 655726 655726 649661641 714458657 439 43 512 1024
5012 0 0 5606748 5606748 0 0 58 5 69 138
6310 0 0 299424 299424 0 0 62 8 44 88
7943 0 0 222 222 0 0 54 12 61 122
10000 0 0 102576 102576 0 0 56 6 93 186
12589 0 0 1071775 1071775 0 0 78 6 216 432
15849 0 0 17955 17955 0 0 104 17 135 270
19953 0 0 823 823 0 0 83 6 438 876
25119 0 0 1152 1152 0 0 142 12 972 1944
31623 0 0 3895774 3895774 0 0 160 26 257 514
39811 0 0 13705 13705 0 0 271 30 209 418
50119 0 0 1788 1788 0 0 624 70 388 776
63096 0 0 340452 340452 0 0 923 73 219 438
79433 0 0 175 175 0 0 387 62 23 46
100000 0 0 368 368 0 0 654 64 25 50
125893 0 0 33615 33615 0 0 1290 160 438 876
158489 0 0 935840 935840 0 0 891 103 336 672
199526 0 0 233583 233583 0 0 1017 104 60 120
251189 0 0 454174 454174 0 0 853 83 39 78
316228 0 0 2019236 2019236 0 0 932 127 54 108
398107 0 0 2590235 2590235 0 0 1048 111 93 186
501187 0 0 4432892 4432892 0 0 2010 253 1934 3868
630957 0 0 73552 73552 0 0 3679 425 118 236
794328 0 0 1428756 1428756 0 0 7419 840 228 456
1000000 0 0 282761 282761 0 0 14248 1642 5675 11350
1258925 1 0 7526 7526 0 0 17746 1948 79 158
1584893 0 0 40920 40920 0 0 8815 983 153 306
1995262 0 0 33248 33248 0 0 1952 236 54 108
2511886 0 0 6262 6262 0 0 3328 370 71 142
3162278 0 0 119642 119642 0 0 3559 344 705 1410
3981072 0 0 3579 3579 0 0 3515 355 510 1020
5011872 0 0 2312 2312 0 0 2143 224 78 156
6309573 0 0 9625 9625 0 0 1666 152 694 1388
7943282 0 0 24 24 0 0 3245 324 1411 2822
10000000 0 0 264 264 0 0 4194 481 1041 2082
12589254 1 0 350 350 0 0 4830 513 641 1282
15848932 0 0 3022 3022 0 0 4209 468 1462 2924
19952623 0 0 59 59 0 0 9061 962 1805 3610
25118864 0 0 7 7 0 0 23552 2556 783 1566
31622777 0 0 4 4 0 0 16564 1825 2447 4894
39810717 1 0 477 477 0 0 13207 1387 1324 2648
50118723 0 0 324 324 0 0 22353 2431 3444 6888
63095734 7 11978 443 443 0 0 527669 58816 41502 83004
