1 0.0030746873328
2 1.63547198553e-05
3 9.34555420305e-06
4 4.67277710152e-06
5 7.00916565228e-06
6 7.00916565228e-06
7 2.33638855076e-06
8 1.40183313046e-05
9 4.67277710152e-06
10 8.17735992767e-05
20 0.000296721345947
30 0.000137846924495
40 0.000109810261886
50 6.77552679721e-05
60 9.8128319132e-05
70 0.000191583861162
80 5.14005481168e-05
90 7.00916565228e-05
100 0.000778017387404
200 0.00098128319132
300 0.000320085231454
400 0.0032265525886
500 0.000420549939137
600 0.647688961265
700 0.3423393324
