1 0.00464034666742
2 2.11726844141e-05
3 7.05756147136e-06
8 1.76439036784e-05
9 7.05756147136e-06
10 7.05756147136e-05
20 0.000395223442396
30 0.000137622448692
40 0.00010586342207
50 3.52878073568e-05
60 2.82302458854e-05
70 0.000208198063405
80 3.17590266211e-05
90 6.70468339779e-05
100 0.000539903452559
200 0.00123507325749
300 0.000225841967084
400 0.000366993196511
500 0.000402281003868
600 0.977856900884
700 0.00453801202608
1000 3.52878073568e-06
2000 3.52878073568e-06
6000 3.52878073568e-06
7000 0.00420630663693
9000 3.52878073568e-06
10000 0.000183496598255
20000 0.00136210936397
30000 1.41151229427e-05
70000 1.41151229427e-05
80000 0.00120331423087
90000 0.00206433673037
