16 0 0 2 2 0 0 0 0 0 0
20 0 0 0 0 0 0 0 0 4 8
25 0 0 14 14 0 0 0 0 0 0
32 0 0 413 413 0 0 0 0 0 0
50 0 0 1 1 0 0 0 0 2 4
63 0 0 1 1 0 0 0 0 1 2
79 0 0 1 1 0 0 0 0 0 0
126 0 0 0 0 0 0 0 0 21 42
158 0 0 0 0 0 0 0 0 2 4
200 0 0 0 0 0 0 0 0 2 4
251 0 0 0 0 0 0 0 0 18 36
316 0 0 0 0 0 0 0 0 17 34
398 0 0 1 1 0 0 2 2 20 40
501 0 0 0 0 0 0 3 0 15 30
631 0 0 0 0 0 0 1 0 13 26
794 0 0 1 1 0 0 5 2 18 36
1000 0 0 1 1 0 0 4 1 6 12
1259 0 0 1 1 0 0 2 1 1 2
1585 0 0 0 0 0 0 0 0 2 4
3162 0 0 1 1 0 0 0 0 0 0
10000 0 0 1 1 0 0 0 0 0 0
12589 0 0 1 1 0 0 0 0 1 2
15849 0 0 2 2 0 0 0 0 1 2
19953 0 0 1 1 0 0 0 0 0 0
25119 0 0 1 1 0 0 5 1 1 2
31623 0 0 54 54 0 0 0 0 0 0
39811 0 0 1 1 0 0 5 2 2 4
50119 0 0 3 3 0 0 9 1 4 8
63096 0 0 1 1 0 0 25 3 0 0
79433 0 0 2 2 0 0 12 0 0 0
100000 0 0 2 2 0 0 47 5 0 0
125893 0 0 1 1 0 0 27 4 0 0
158489 0 0 1 1 0 0 37 1 0 0
199526 0 0 0 0 0 0 8 0 0 0
251189 0 0 52 52 0 0 1 0 0 0
316228 0 0 0 0 0 0 15 1 0 0
398107 0 0 185 185 0 0 12 4 0 0
501187 0 0 0 0 0 0 0 0 4 8
630957 0 0 52 52 0 0 0 0 0 0
794328 0 0 57 57 0 0 0 0 0 0
1000000 0 0 139196 139196 0 0 0 0 1 2
1584893 0 0 0 0 0 0 1 0 0 0
3981072 0 0 0 0 0 0 0 1 0 0
10000000 0 0 0 0 0 0 2 0 397 794
12589254 0 0 0 0 0 0 1 0 0 0
15848932 0 0 0 0 0 0 3 0 0 0
19952623 0 0 0 0 0 0 1 0 0 0
25118864 0 0 0 0 0 0 21 3 4 8
31622777 0 0 0 0 0 0 1 0 8 16
39810717 0 0 0 0 0 0 343 30 0 0
50118723 0 0 0 0 0 0 0 1 1 2
100000000 0 0 0 0 0 0 3 0 0 0
125892541 0 0 0 0 0 0 440 49 146 292
