16 0 0 2 2 0 0 0 0 0 0
20 0 0 0 0 0 0 0 0 4 8
25 0 0 14 14 0 0 0 0 0 0
32 0 0 413 413 0 0 0 0 0 0
50 0 0 1 1 0 0 0 0 2 4
63 0 0 1 1 0 0 0 0 1 2
79 0 0 1 1 0 0 0 0 0 0
126 0 0 0 0 0 0 0 0 21 42
158 0 0 0 0 0 0 0 0 2 4
200 0 0 0 0 0 0 0 0 2 4
251 0 0 0 0 0 0 0 0 18 36
316 0 0 0 0 0 0 0 0 17 34
398 0 0 1 1 0 0 3 1 20 40
501 0 0 0 0 0 0 2 1 15 30
631 0 0 0 0 0 0 2 0 13 26
794 0 0 1 1 0 0 7 0 18 36
1000 0 0 1 1 0 0 5 0 6 12
1259 0 0 1 1 0 0 3 0 1 2
1585 0 0 0 0 0 0 0 0 2 4
1995 0 0 0 0 0 0 0 1 0 0
3162 0 0 1 1 0 0 1 0 0 0
3981 0 0 0 0 4788791 5266806 1 0 0 0
5012 0 0 0 0 0 0 2 0 0 0
6310 0 0 0 0 0 0 2 0 0 0
7943 0 0 0 0 0 0 4 0 0 0
10000 0 0 1 1 0 0 2 0 0 0
12589 0 0 1 1 0 0 0 0 1 2
15849 0 0 2 2 0 0 4 1 1 2
19953 0 0 1 1 0 0 7 0 0 0
25119 0 0 1 1 0 0 8 2 1 2
31623 0 0 54 54 0 0 8 0 0 0
39811 0 0 1 1 0 0 14 1 2 4
50119 0 0 3 3 0 0 20 2 6 12
63096 0 0 1 1 0 0 37 4 1 2
79433 0 0 2 2 0 0 38 4 0 0
100000 0 0 2 2 0 0 87 4 1 2
125893 0 0 1 1 0 0 54 3 0 0
158489 0 0 1 1 0 0 64 10 0 0
199526 0 0 0 0 0 0 60 7 4 8
251189 0 0 52 52 0 0 55 11 0 0
316228 0 0 0 0 0 0 54 3 0 0
398107 0 0 133 133 0 0 59 5 0 0
501187 0 0 0 0 0 0 48 5 5 10
630957 0 0 0 0 0 0 66 7 401 802
794328 0 0 0 0 0 0 78 6 0 0
1000000 0 0 138553 138553 0 0 68610 7655 23026 46052
3981072 0 0 160 160 0 0 0 0 0 0
158489319 0 0 1 1 0 0 0 0 0 0
