16 0 0 2 2 0 0 0 0 0 0
20 0 0 0 0 0 0 0 0 0 12
25 0 0 14 14 0 0 0 0 0 0
32 0 0 413 413 0 0 0 0 0 0
50 0 0 1 1 0 0 0 0 0 6
63 0 0 1 1 0 0 0 0 0 3
79 0 0 1 1 0 0 0 0 0 0
126 0 0 0 0 0 0 0 0 0 63
158 0 0 0 0 0 0 0 0 0 6
200 0 0 0 0 0 0 0 0 0 6
251 0 0 0 0 0 0 0 0 0 54
316 0 0 0 0 0 0 0 0 0 51
398 0 0 1 1 0 0 0 4 0 60
501 0 0 0 0 0 0 0 3 0 45
631 0 0 0 0 0 0 0 2 0 39
794 0 0 1 1 0 0 0 7 0 54
1000 0 0 1 1 0 0 0 5 0 18
1259 0 0 1 1 0 0 0 3 0 3
1585 0 0 0 0 0 0 0 0 0 6
1995 0 0 0 0 0 0 0 1 0 0
3162 0 0 1 1 0 0 0 1 0 0
3981 0 0 0 0 733460 2058709 0 1 0 0
5012 0 0 0 0 0 0 0 2 0 0
6310 0 0 0 0 0 0 0 2 0 0
7943 0 0 0 0 0 0 0 4 0 0
10000 0 0 1 1 0 0 0 2 0 0
12589 0 0 1 1 0 0 0 0 0 3
15849 0 0 2 2 0 0 0 5 0 3
19953 0 0 1 1 0 0 0 7 0 0
25119 0 0 1 1 0 0 0 10 0 3
31623 0 0 54 54 0 0 0 8 0 0
39811 0 0 1 1 0 0 0 15 0 6
50119 0 0 3 3 0 0 0 22 0 18
63096 0 0 1 1 0 0 0 41 0 3
79433 0 0 2 2 0 0 0 42 0 0
100000 0 0 2 2 0 0 0 91 0 3
125893 0 0 1 1 0 0 0 57 0 0
158489 0 0 1 1 0 0 0 74 0 0
199526 0 0 0 0 0 0 0 67 0 12
251189 0 0 52 52 0 0 0 66 0 0
316228 0 0 0 0 0 0 0 57 0 0
398107 0 0 185 185 0 0 0 64 0 0
501187 0 0 0 0 0 0 0 53 0 15
630957 0 0 52 52 0 0 0 73 0 1203
794328 0 0 57 57 0 0 0 84 0 0
1000000 0 0 139196 139196 0 0 0 76265 0 69078
