1 0.000125544702786
2 6.67790972267e-07
3 0.959291366932
4 1.90797420648e-07
5 2.86196130972e-07
6 2.86196130972e-07
7 9.53987103239e-08
8 5.72392261943e-07
9 1.90797420648e-07
10 3.33895486134e-06
20 1.21156362111e-05
30 5.62852390911e-06
40 4.48373938522e-06
50 2.76656259939e-06
60 4.0067458336e-06
70 7.82269424656e-06
80 2.09877162713e-06
90 2.86196130972e-06
100 3.17677705379e-05
200 3.51067253992e-05
300 8.10889037753e-06
400 0.000121824153084
500 6.29631488138e-06
600 0.0264462396786
700 0.0138556132887
2000 3.05275873037e-05
100000 1.90797420648e-07
