1 0.00040867280711
2 2.17379152718e-06
3 0.867086001404
4 6.2108329348e-07
5 9.31624940221e-07
6 9.31624940221e-07
7 3.1054164674e-07
8 1.86324988044e-06
9 6.2108329348e-07
10 1.08689576359e-05
20 3.9438789136e-05
30 1.83219571577e-05
40 1.45954573968e-05
50 9.00570775547e-06
60 1.30427491631e-05
70 2.54644150327e-05
80 6.83191622829e-06
90 9.31624940221e-06
100 0.000103410368365
200 0.000130427491631
300 4.25442056034e-05
400 0.000428858014148
500 5.58974964132e-05
600 0.086087734226
700 0.0455021147886
