0.01 1 1.00466614665 1.0 1.46801872075
0.05 1 1.02473946958 1.46801872075 1.9360374415
0.1 1 1.05190327613 1.9360374415 2.40405616225
0.15 1 1.08220280811 1.9360374415 2.40405616225
0.3 1 1.20136973479 2.40405616225 3.34009360374
0.01 2 1.00981296493 1.63761955367 1.63761955367
0.05 2 1.04936131775 1.63761955367 1.9564293305
0.1 2 1.10350797024 1.9564293305 2.27523910733
0.15 2 1.15887885229 1.9564293305 2.59404888417
0.3 2 1.36895855473 2.59404888417 3.55047821467
0.01 4 1.00969305646 1.38935756003 1.38935756003
0.05 4 1.05056002596 1.58403634004 1.77871512005
0.1 4 1.105669695 1.58403634004 1.97339390006
0.15 4 1.16476443868 1.77871512005 2.16807268008
0.3 4 1.39278001298 2.36275146009 2.94678780013
0.01 8 1.00988763225 1.21889821233 1.21889821233
0.05 8 1.05138197738 1.3283473185 1.43779642466
0.1 8 1.10762458957 1.43779642466 1.65669463699
0.15 8 1.17029733674 1.65669463699 1.87559284933
0.3 8 1.40864356075 2.20394016782 2.53228748632
0.01 16 1.01008130714 1.11670881152 1.17506321727
0.05 16 1.05188757051 1.23341762303 1.29177202879
0.1 16 1.10914783116 1.35012643455 1.46683524606
0.15 16 1.17284399922 1.46683524606 1.64189846333
0.3 16 1.4178000389 1.93367049212 2.16708811515
0.01 32 1.01014374811 1.060356101 1.09053415149
0.05 32 1.05256835328 1.18106830299 1.21124635349
0.1 32 1.1100928478 1.27160245448 1.36213660598
0.15 32 1.17494547832 1.39231465647 1.48284880797
0.3 32 1.42305975254 1.78462931295 1.90534151494
