0.01 1 1.01641527599 2.60462130937 2.60462130937
0.05 1 1.0851732991 2.60462130937 4.20924261874
0.1 1 1.17811296534 4.20924261874 5.81386392811
0.15 1 1.28438703466 4.20924261874 5.81386392811
0.3 1 1.69279525032 5.81386392811 9.02310654685
0.01 2 1.85425936768 3.28805620609 3.28805620609
0.05 2 1.97977166276 3.28805620609 4.75175644028
0.1 2 2.14912177986 4.75175644028 6.21545667447
0.15 2 2.34057377049 6.21545667447 7.67915690867
0.3 2 3.08337236534 9.14285714286 12.0702576112
0.01 4 2.37868573705 3.64741035857 3.64741035857
0.05 4 2.59254163347 4.81772908367 6.06274900398
0.1 4 2.86459645419 6.06274900398 7.3077689243
0.15 4 3.18476489044 6.83864541833 8.55278884462
0.3 4 4.34563925299 9.79780876494 13.0637450199
0.01 8 2.47137895706 3.52070552147 4.4217791411
0.05 8 2.80973865031 4.96165644172 5.92024539877
0.1 8 3.25126713957 5.9777607362 7.77990797546
0.15 8 3.7195564954 7.35506134969 8.79601226994
0.3 8 5.45610037577 11.2530674847 13.7676380368
0.01 16 2.18602157563 3.26890756303 4.25577731092
0.05 16 2.71281081933 4.95168067227 5.97794117647
0.1 16 3.34529473214 6.22531512605 7.36974789916
0.15 16 3.99952370798 7.36974789916 8.72636554622
0.3 16 6.32421392332 11.3918067227 13.6087184874
0.01 32 1.82732480992 3.20908505155 3.79027061856
0.05 32 2.4975588982 4.66817010309 5.42106958763
0.1 32 3.32463408505 5.99967783505 6.88015463918
0.15 32 4.17267380155 7.21037371134 8.24259020619
0.3 32 7.06405741301 11.2599871134 12.8482603093
