1411158730863	315	4.50793650794	0.0	0.0	0.0	0.0	0.0	0.0	0.03821656	195668.8	0.0	0.000129738016	7.652396e-05	
1411158730864	322	4.59627329193	0.0	0.0	0.0	0.0	0.0	0.0	0.03726708	190807.45	0.0	0.000127102808	7.2623056e-05	
1411158730865	324	4.56790123457	0.0	0.0	0.0	0.0	0.0	0.0	0.012345679	189629.62	0.0	0.00012468112	7.4749224e-05	
1411158730863	339	4.6017699115	0.0	0.0	0.0	0.0	0.0	0.0	0.011869436	182314.55	0.0	0.000121491128	7.1692304e-05	
1411158730865	356	4.88764044944	0.0	0.0	0.0	0.0	0.0	0.0	0.0	172584.27	0.0	0.000126	6.8067416e-05	
1411158730863	358	4.91620111732	0.0	0.0	0.0	0.0	0.0	0.0	0.033519555	171620.11	0.0	0.00033593296	0.000247620112	
1411158730863	360	4.88888888889	0.0	0.0	0.0	0.0	0.0	0.0	0.011173184	171620.11	0.0	0.000333675968	0.000255709504	
1411158730864	363	4.82093663912	0.0	0.0	0.0	0.0	0.0	0.0	0.011019284	169256.2	0.0	0.000384110184	0.000247933888	
1411158730863	363	4.95867768595	0.0	0.0	0.0	0.0	0.0	0.0	0.03314917	169723.75	0.0	0.000346784528	0.000250099456	
1411158730864	388	5.07731958763	0.0	0.0	0.0	0.0	0.0	0.0	0.0	158759.69	0.0	0.00032117828	0.0002314832	
1411158730865	388	5.19280205656	0.0	0.0	0.0	0.0	0.0	0.0	0.030927835	158350.52	0.0	0.00052804128	0.00040169072	
1411158730864	392	5.07653061224	0.0	0.0	0.0	0.0	0.0	0.0	0.010204081	156734.69	0.0	0.00050779592	0.000399102032	
1411158730863	397	5.06297229219	0.0	0.0	0.0	0.0	0.0	0.0	0.01010101	155151.52	0.0	0.00055329296	0.00039230304	
1411158730864	399	5.16290726817	0.0	0.0	0.0	0.0	0.0	0.0	0.030075189	153984.97	0.0	0.00050055136	0.0003859248	
1411158730864	426	5.32863849765	0.0	0.0	0.0	0.0	0.0	0.0	0.037558686	144225.36	28845.07	0.00065592488	0.00051483568	
1411158730864	428	5.30373831776	0.0	0.0	0.0	0.0	0.0	0.0	0.0	143887.6	0.0	0.00047769556	0.000362847784	
1411158730865	430	5.37209302326	0.0	0.0	0.0	0.0	0.0	0.0	0.027972028	143216.78	0.0	0.0006636084	0.000515561784	
1411158730864	432	5.27777777778	0.0	0.0	0.0	0.0	0.0	0.0	0.009259259	142222.22	0.0	0.000646589312	0.000515508128	
1411158730865	432	5.27777777778	0.0	0.0	0.0	0.0	0.0	0.0	0.01847575	141893.77	189191.69	0.00068999536	0.000509709	
1411158730864	460	5.41304347826	0.0	0.0	0.0	0.0	0.0	0.0	0.008695652	133565.22	0.0	0.0007770412	0.00062365296	
1411158730863	460	5.45652173913	0.0	0.0	0.0	0.0	0.0	0.0	0.0	133565.22	0.0	0.00061471304	0.00047888696	
1411158730863	464	5.43103448276	0.0	0.0	0.0	0.0	0.0	0.0	0.034557234	132699.78	159239.73	0.000775187872	0.00061480776	
1411158730865	472	5.42372881356	0.0	0.0	0.0	0.0	0.0	0.0	0.016913319	129894.29	173192.39	0.000733632128	0.00059191544	
1411158730864	499	5.65130260521	0.0	0.0	0.0	0.0	0.0	0.0	0.04024145	123621.73	164828.97	0.0007421972	0.00058205232	
1411158730864	499	5.59118236473	0.0	0.0	0.0	0.0	0.0	0.0	0.04024145	123621.73	164828.97	0.0007421972	0.00058205232	
1411158730863	501	5.50898203593	0.0	0.0	0.0	0.0	0.0	0.0	0.008	122880.0	24576.0	0.000868	0.000704816	
1411158730864	505	5.52475247525	0.0	0.0	0.0	0.0	0.0	0.0	0.015873017	121904.766	162539.69	0.000907127	0.000697238128	
1411158730864	507	5.58185404339	0.0	0.0	0.0	0.0	0.0	0.0	0.031558186	121183.43	145420.12	0.00087401976	0.00069281264	
1411158730864	535	5.75700934579	0.0	0.0	0.0	0.0	0.0	0.0	0.0074766357	114841.125	153121.5	0.00067853456	0.00053390656	
1411158730864	538	5.61338289963	0.0	0.0	0.0	0.0	0.0	0.0	0.014897579	114413.41	144923.66	0.000940901312	0.00077185848	
1411158730865	540	5.62962962963	0.0	0.0	0.0	0.0	0.0	0.0	0.02962963	113777.78	136533.33	0.00096856296	0.000771466688	
1411158730864	541	5.60073937153	0.0	0.0	0.0	0.0	0.0	0.0	0.014787431	113567.47	151423.3	0.00099154156	0.0007703512	
1411158730863	549	5.79234972678	0.0	0.0	0.0	0.0	0.0	0.0	0.0072859745	111912.57	149216.75	0.00080606192	0.00063932968	
1411158730865	572	5.76923076923	0.0	0.0	0.0	0.0	0.0	0.0	0.034904014	107225.13	142966.84	0.000921493872	0.00072943808	
1411158730865	575	5.68695652174	0.0	0.0	0.0	0.0	0.0	0.0	0.013913044	106852.17	135346.1	0.00101821216	0.00083245912	
1411158730864	578	5.67474048443	0.0	0.0	0.0	0.0	0.0	0.0	0.013816926	106113.99	141485.31	0.00099987544	0.00081594464	
1411158730864	580	5.72413793103	0.0	0.0	0.0	0.0	0.0	0.0	0.034542315	106113.99	141485.31	0.00104327464	0.00083053536	
1411158730864	582	5.85910652921	0.0	0.0	0.0	0.0	0.0	0.0	0.0068846815	105748.71	140998.28	0.00089940104	0.00071659896	
1411158730865	581	5.73883161512	0.0	0.0	0.0	0.0	0.0	0.0	0.02749141	105567.01	126680.414	0.00101468044	0.000822488	
1411158730865	614	5.87947882736	0.0	0.0	0.0	0.0	0.0	0.0	0.0065146578	100065.15	133420.2	0.00098676216	0.00078657984	
1411158731193	320	7.1875	0.0	0.0	0.0	0.0	0.0	0.0	0.0125	0.0	230400.0	0.00177373216	0.0014435888	
1411158731210	319	7.08463949843	0.0	0.0	0.0	0.0	0.0	0.0	0.012539185	0.0	256802.52	0.00178206896	0.0014530408	
1411158731195	355	7.18309859155	0.0	0.0	0.0	0.0	0.0	0.0	0.011299435	0.0	219841.81	0.00160335776	0.00130501416	
1411158731230	327	7.18654434251	0.0	0.0	0.0	0.0	0.0	0.0	0.012232416	0.0	225467.89	0.00174214064	0.00141710088	
1411158731230	335	7.13432835821	0.0	0.0	0.0	0.0	0.0	0.0	0.011976048	0.0	233005.98	0.0017037844	0.00138706584	
1411158731234	344	7.20930232558	0.0	0.0	0.0	0.0	0.0	0.0	0.011594203	0.0	237449.28	0.00165486048	0.00134744184	
1411158731228	361	7.17451523546	0.0	0.0	0.0	0.0	0.0	0.0	0.011080332	0.0	226925.2	0.00157560112	0.00128398888	
1411158731270	324	7.0987654321	0.0	0.0	0.0	0.0	0.0	0.0	0.012345679	0.0	227555.56	0.00175204928	0.00142582152	
1411158731186	420	7.38095238095	0.0	0.0	0.0	0.0	0.0	0.0	0.01909308	0.0	195513.12	0.0013759236	0.00111068264	
1411158731263	342	7.04678362573	0.0	0.0	0.0	0.0	0.0	0.0	0.0116959065	0.0	227555.56	0.00161008184	0.00117176616	
1411158731267	343	7.18023255814	0.0	0.0	0.0	0.0	0.0	0.0	0.011661808	0.0	226892.12	0.00160265888	0.0011689796	
1411158731259	358	7.2625698324	0.0	0.0	0.0	0.0	0.0	0.0	0.011173184	0.0	228826.81	0.0015869944	0.00129474864	
1411158731234	412	7.35436893204	0.0	0.0	0.0	0.0	0.0	0.0	0.01937046	0.0	198353.52	0.00138322512	0.00112375784	
1411158731303	345	6.95652173913	0.0	0.0	0.0	0.0	0.0	0.0	0.011594203	0.0	225576.81	0.0015349364	0.00097747976	
1411158731304	344	7.03488372093	0.0	0.0	0.0	0.0	0.0	0.0	0.0	0.0	0.0	0.00154239536	0.00098372096	
1411158731297	352	7.1388101983	0.0	0.0	0.0	0.0	0.0	0.0	0.0	0.0	0.0	0.00162812464	0.001316306	
1411158731335	350	7.25714285714	0.0	0.0	0.0	0.0	0.0	0.0	0.0	0.0	0.0	0.00162930288	0.00132397712	
1411158731332	355	6.64788732394	0.0	0.0	0.0	0.0	0.0	0.0	0.011267605	0.0	219222.53	0.00144083376	0.00077654088	
1411158731260	432	7.24537037037	0.0	0.0	0.0	0.0	0.0	0.0	0.018518519	0.0	189629.62	0.00132388888	0.00107433336	
1411158731345	354	6.80790960452	0.0	0.0	0.0	0.0	0.0	0.0	0.0	0.0	0.0	0.00144625984	0.00077920904	
1411158731378	352	7.24431818182	0.0	0.0	0.0	0.0	0.0	0.0	0.0	0.0	0.0	0.0016193636	0.00131645448	
1411158731375	355	6.50704225352	0.0	0.0	0.0	0.0	0.0	0.0	0.0	0.0	0.0	0.0013869296	0.00060078872	
1411158731371	362	6.38121546961	0.0	0.0	0.0	0.0	0.0	0.0	0.0	0.0	0.0	0.0013767756	0.00059390584	
1411158731302	457	7.24288840263	0.0	0.0	0.0	0.0	0.0	0.0	0.01750547	0.0	179256.02	0.00125403936	0.0010155624	
1411158731410	365	5.94520547945	0.0	0.0	0.0	0.0	0.0	0.0	0.0	0.0	0.0	0.001307082	0.00041492896	
1411158731370	407	7.22358722359	0.0	0.0	0.0	0.0	0.0	0.0	0.0	0.0	0.0	0.0012172384	0.00098472728	
1411158731412	365	6.02739726027	0.0	0.0	0.0	0.0	0.0	0.0	0.0	0.0	0.0	0.00129746848	0.000412931504	
1411158731299	502	7.29083665339	0.0	0.0	0.0	0.0	0.0	0.0	0.007952286	0.0	162862.83	0.00114147112	0.0009244692	
1411158731447	360	5.55555555556	0.0	0.0	0.0	0.0	0.0	0.0	0.0	0.0	0.0	0.00126202224	0.000244622216	
1411158731451	365	5.47945205479	0.0	0.0	0.0	0.0	0.0	0.0	0.0	0.0	0.0	0.00125948488	0.000244997264	
1411158731370	449	7.21603563474	0.0	0.0	0.0	0.0	0.0	0.0	0.0	0.0	0.0	0.00128949664	0.001040908688	
1411158731332	509	7.3137254902	0.0	0.0	0.0	0.0	0.0	0.0	0.007843138	0.0	160627.45	0.001126698	0.0009117804	
1411158731534	320	4.46875	0.0	0.0	0.0	0.0	0.0	0.0	0.0	0.0	0.0	0.00135568848	7.9750784e-05	
1411158731555	305	4.16393442623	0.0	0.0	0.0	0.0	0.0	0.0	0.0	0.0	0.0	0.00141989536	8.3424836e-05	
1411158731445	423	7.28132387707	0.0	0.0	0.0	0.0	0.0	0.0	0.0	0.0	0.0	0.00135372096	0.0010982128	
1411158731412	468	7.32905982906	0.0	0.0	0.0	0.0	0.0	0.0	0.0	0.0	0.0	0.00121697224	0.00098804264	
1411158731451	459	7.21132897603	0.0	0.0	0.0	0.0	0.0	0.0	0.0	0.0	0.0	0.001214292	0.00088108064	
1411158731455	473	7.39406779661	0.0	0.0	0.0	0.0	0.0	0.0	0.0	0.0	0.0	0.00121347464	0.000981762688	
1411158731611	338	6.92307692308	0.0	0.0	0.0	0.0	0.0	0.0	0.0	0.0	0.0	0.0015736568	0.00100061536	
1411158731407	544	7.26102941176	0.0	0.0	0.0	0.0	0.0	0.0	0.0	0.0	0.0	0.0010556176	0.000854794128	
1411158731420	541	7.22735674677	0.0	0.0	0.0	0.0	0.0	0.0	0.0	0.0	0.0	0.00102402956	0.00074389648	
1411158731519	450	7.42222222222	0.0	0.0	0.0	0.0	0.0	0.0	0.0	0.0	0.0	0.00127721512	0.00103027936	
1411158731652	342	6.69590643275	0.0	0.0	0.0	0.0	0.0	0.0	0.0	0.0	0.0	0.00149978952	0.00080605848	
1411158731562	456	7.34649122807	0.0	0.0	0.0	0.0	0.0	0.0	0.0	0.0	0.0	0.00122335088	0.000881807	
1411158731453	565	7.16814159292	0.0	0.0	0.0	0.0	0.0	0.0	0.0	0.0	0.0	0.00094861592	0.00060157168	
1411158731698	340	6.29411764706	0.0	0.0	0.0	0.0	0.0	0.0	0.0	0.0	0.0	0.0014460528	0.00062503224	
1411158731599	459	7.16775599129	0.0	0.0	0.0	0.0	0.0	0.0	0.0	0.0	0.0	0.0011713044	0.00073815648	
1411158731486	603	6.89883913765	0.0	0.0	0.0	0.0	0.0	0.0	0.0	0.0	0.0	0.00085925584	0.00046067776	
1411158731594	496	6.89516129032	0.0	0.0	0.0	0.0	0.0	0.0	0.0	0.0	0.0	0.001003161312	0.00043216128	
1411158731655	451	6.9844789357	0.0	0.0	0.0	0.0	0.0	0.0	0.0	0.0	0.0	0.00113986704	0.000611388	
1411158731764	362	5.27624309392	0.0	0.0	0.0	0.0	0.0	0.0	0.0	0.0	0.0	0.00131896136	0.000419513816	
1411158731622	374	6.17647058824	0.0	0.0	0.0	0.0	0.0	0.0	0.0	0.0	0.0	0.001276672	0.000405290656	
1411158731690	461	6.65943600868	0.0	0.0	0.0	0.0	0.0	0.0	0.0	0.0	0.0	0.00108213448	0.00046367028	
1411158731782	395	4.81012658228	0.0	0.0	0.0	0.0	0.0	0.0	0.0	0.0	0.0	0.00115854552	0.000225575752	
1411158731735	457	6.30196936543	0.0	0.0	0.0	0.0	0.0	0.0	0.0	0.0	0.0	0.00105029328	0.000330853408	
1411158731824	373	4.28954423592	0.0	0.0	0.0	0.0	0.0	0.0	0.0	0.0	0.0	0.00116486864	6.843968e-05	
1411158731885	349	5.2435530086	0.0	0.0	0.0	0.0	0.0	0.0	0.0	0.0	0.0	0.0013206208	0.000254735624	
1411158731847	395	4.78481012658	0.0	0.0	0.0	0.0	0.0	0.0	0.0	0.0	0.0	0.00094856568	5.9131312e-05	
1411158731807	438	4.97716894977	0.0	0.0	0.0	0.0	0.0	0.0	0.0	0.0	0.0	0.0011778672	0.000209519456	
1411158731932	346	4.39306358382	0.0	0.0	0.0	0.0	0.0	0.0	0.0	0.0	0.0	0.00128242776	7.9075144e-05	
